671 9 3818
515 17 4
7751 4123 776
465 1121 116 113 111 51 85 372 19
703 11 807
7 717 16849 4
7 371 84 469 17
515 17 4
6281 2348 11 1669 9 221
192 559 11 169 1181 465
671 9 3818
7 2563 1601
8447 5030 6 21806 1
5900 11 169 1181 7 366 94 631 273
548 783 19
1675 9 2900
7 49 32 27 12 168 36 896 61 2285 56
192 559 11 169 1181 465
2401 9 89 84 270 54 95 1763
81 85 11 7 32 189
7752 4
147 1002 294 57 5 11193
355 9 164
192 6 1711 165 55
7 14098 14690 1380 17
8447 5030 6 21806 1
7 679 120 19
192 559 11 169 1181 7 366 94 631 273
32 221
515 17 4
548 783 19
1283 15 7617 8 1640
836 24 143 19
88 103 5 793 92 73 21807 62 5 5230 55
8005 134 1 700
10 8 268 12 3479 30 529 4560 4
836 24 143 19
7752 4
275 221 7167
13 8 24 7 510 11 11523 19 35
851 1330 4
1045 15 342 19
275 221 7167
33 11 74 356 1045 1 318 2130 351 10 4715 4
201 1014 94 346 4
32 221
806 4425 700 4
201 1014 94 346 4
4593 6 4593 6 4593 6 4593 55 4
7 294 11 4716 4
33 11 5 415 1163 115 124 118 19
318 2130 1938 5 318 4
147 1002 294 57 5 11193
548 783 19
355 9 164
8005 134 1 700
237 14 279 7 248 17 84 5 430 4
7 49 32 23 63 187 220
5 275 8 4318 19
342 23 11 5 269
465 1121 116 113 111 51 85 99
641 17 923 866
1045 9 887
7752 4
42 40 1060 6 1060 23 4
671 9 3818
7 5766 1601
20229 40 374 221 30 132 777
443 21 537 3158
24 7 93 23
32 57 7 294 19
7 2563 1601
201 1014 94 346 4
1444 16 5 2778
8447 5030 6 21806 1
2148 6 2148 4
7752 4
730 6 21 14 298 10
465 1121 116 113 111 51 85 372 19
318 2130 38 327 803 16 32 990 273
14 47 26 101 10 4
7 2666 23 11 4716 4
63 118 6 21 49 2666 9 516 4
13 8 24 7 510 11 11523 19 35
10 8 268 12 3479 30 529 4560 4
120 13 25 1144 3412
8448 15 342 19
81 224 9 1779
13 8 24 7 510 11 11523 19 35
224 6 21 50 26 253 53 10
528 247 4592
147 1002 294 57 5 11193
7 2666 23 11 4716 4
2148 6 2148 4
7 14098 14690 1380 17
7 271 3535
355 9 164
24 27 32 27 12 168 36 896 61 2285 56
318 2130 1938 5 318 4
40 1902 11 33 150 1144 3412
443 21 537 3158
671 9 3818
147 1002 294 57 5 11193
88 103 5 793 92 73 21807 62 5 5230 55
108 6030 11524 565 9 679 1429 273 11194 529 4560 54 37 4853
224 6 21 50 26 253 53 10
4425 135 785 179 4
7 32 17 12 703 83 220
548 783 19
8447 5030 6 21806 1
32 21 24 1045 32 4
33 11 74 356 1045 1 318 2130 351 10 4715 4
851 1330 4
7 706 221
671 9 3818
48 23 57 7 269 11 48 99 4
32 221
33 48 1045 443
1444 16 5 2778
680 6096 1345 877
671 9 3818
355 9 164
641 17 923 866
851 9 887
1045 909 5 708
5 275 8 296 19
32 21 24 1045 32 4
40 1544 143 199 21807 62 5 117 18 1 229 10062 4
355 9 164
806 4425 700 4
4593 6 4593 6 4593 6 4593 55 4
120 13 25 1144 3412
680 6096 1345 877
414 8 16 5 828 11 5 14099
1444 16 5 2778
318 2130 1938 5 318 4
14 47 26 101 10 4
7751 4123 776
680 6096 1345 877
120 13 25 1144 3412
63 118 6 21 49 2666 9 516 4
24 7 93 23
88 103 5 793 92 73 21807 62 5 5230 55
353 122
641 17 923 866
806 4425 700 4
515 17 4
20229 40 374 221 30 132 777
5 3269 3627 8 7 7499 25 200 3995 9 14691
465 1121 116 113 111 51 85 372 19
383 9 4280
192 559 11 169 1181 465
7 2563 1601
318 2130 1938 5 318 4
33 48 1045 443
32 221
6280 23 11 4716 4
7 2666 23 11 4716 4
81 224 9 1779
224 6 21 187 10 4
32 221
48 23 93 611
5 275 8 296 19
20229 40 374 221 30 132 777
953 6 5229 221
1675 9 2900
20229 40 374 221 30 132 777
985 5508 267 2400 406 99
6281 2348 6 1060 23 4
1074 72 225 5077 16 400 1759
528 247 4592
7 32 17 12 703 83 220
443 21 537 3158
1675 9 2900
5 275 8 296 19
1045 9 3412 8 177 30 7 2446
32 21 24 1045 32 4
29 45 210 26 2009 5 1615 11 5 2238 6 485
1444 16 5 2778
8447 5030 6 21806 1
8005 134 1 700
8448 10063 273
680 6096 1345 877
7 371 84 469 17
851 1330 4
355 9 164
138 41 997 5 379 100 55
7 706 221
1 318 2130 38 327 803 16 32 990 273
7 271 3535
7 294 11 1 465
120 13 25 1144 3412
1045 909 5 708
7 294 11 7 221
27 14 1897 256
1675 9 2900
33 48 1045 443
2148 6 2148 4
703 11 807
7752 4
7 5766 1601
32 221
355 9 164
13 8 313 19
2148 6 2148 4
1074 678 72 11 1000 859 4
131 406 11 7 294 19
33 48 1045 443
7 706 221
32 221
275 221 7167
443 21 537 3158
48 23 93 611
192 6 1711 165 55
34 47 24 1648 12 76 11 1609 4
40 1902 11 33 150 1144 3412
81 23770 9 4942 12 39 164
7 1230 559 11 435 465 19
1230 425 806 6 515 6 608 6 105 6 9 13575 3454
7 1230 559 11 435 465 19
730 6 21 14 298 10
7 717 16849 4
974 12 10579 30 16000 1
7 1295 9579 3534
985 1045 15 5900 11 169 1181
120 13 25 1144 3412
3338 807 1 65 30 81 85 1 1
5 275 8 296 19
48 23 93 611
418 1045 177 38 5 7618 4
275 221 7167
27 14 1897 256
7 2666 23 11 5 269
515 17 4
81 85 11 7 32 189
201 1014 94 346 4
7751 4123 776
985 5508 267 2400 406 99
806 4425 700 4
851 9 887
355 9 164
81 224 9 1779
581 11 5 4852 221 18 138 41 111 46 21 50 374
851 9 887
1544 143 199 62 1490 10853 150 8 33 11 5 3391 67 115
1675 9 2900
7 32 17 12 703 83 220
1444 16 5 2778
671 9 3818
7 32 17 12 703 83 220
1045 9 3412 8 177 30 7 2446
24 7 93 23 11 36 83
13 8 313 19
353 122
32 221
8447 5030 6 21806 1
5 715 585 21 77 47 26 253 53 10
20229 40 374 221 30 132 777
48 6280 23
7752 4
7 2563 1601
671 9 3818
318 2130 38 327 803 16 32 990 273
2683 5 2736 11 5 201 675
515 17 4
32 221
7 72 225 5077 16 400 1759
34 47 24 1648 12 76 11 1609 4
81 224 9 1779
1544 143 199 62 1490 10853 150 8 33 11 5 3391 67 115
14 47 26 101 10 4
32 221
8005 134 1 700
7 295 313 443
33 11 74 356 1045 1 318 2130 351 10 4715 4
14 183 116 59 3061 5 5829 5705
237 14 279 7 248 17 84 5 430 4
851 9 887
7 295 313 443
7 706 221
7 32 17 12 703 83 220
138 41 997 5 379 100 55
7 3270 214 1013 1345 443
274 33 11 5 98 469 509 62 1144 3412
318 2130 1938 5 318 4
32 221
671 9 3818
1675 9 2900
4425 135 785 179 4
7 679 120 19
418 1045 177 38 5 7618 4
42 40 1060 6 1060 23 4
318 2130 38 327 803 16 32 990 273
5900 11 169 1181 221
353 122
24 7 93 23
1045 15 342 19
14 183 116 59 3061 5 5829 5705
24 18 93 11 7 221 21 24 18 48 11 40 232 4
1283 15 7617 8 1640
355 9 164
5900 11 169 1181 7 366 94 631 273
548 783 19
7 49 32 23 63 187 220
32 21 24 1045 32 4
4425 135 785 179 4
985 1045 15 5900 11 169 1181
201 1014 94 346 4
7 2563 1601
237 14 279 7 248 17 84 5 430 4
2401 9 89 84 270 54 95 1763
318 2130 38 327 803 16 32 990 273
24 18 93 11 7 221 21 24 18 48 11 5 342 23771 2021 102 16
318 2130 38 327 803 16 32 990 273
7 371 84 469 17
7 72 225 5077 16 400 1759
7 49 32 23 63 187 220
13 8 313 19
355 9 164
7 14098 14690 1380 17
7 371 84 469 17
48 23 57 7 269 11 48 99 4
443 21 537 3158
641 17 923 866
108 6030 11524 565 9 4280
730 6 21 14 298 10
224 6 21 187 10 4
5 275 8 296 19
7 706 221
355 9 164
730 6 21 14 298 10
1675 9 2900
2401 9 89 84 270 54 95 1763
383 9 4280
1283 15 7617 8 1640
1230 425 806 6 515 6 608 6 105 6 9 13575 3454
14 183 116 59 3061 5 5829 5705
851 9 887
29 45 210 26 2009 5 1615 11 5 2238 6 485
192 6 1711 165 55
32 221
192 6 1711 165 55
7752 4
1045 909 5 708
27 14 1897 256
836 24 143 19
836 24 143 19
147 1002 294 57 5 11193
7 3270 214 1013 1345 443
14 47 26 101 10 4
14 47 26 101 10 4
8005 134 1 700
4425 135 785 179 4
34 77 206 5 117 29 116 80 55 35
10 240 39 3917 60 25 3081 12 257 55
120 13 25 1144 3412
27 14 1897 256
13 8 313 19
24 7 93 23
42 40 1060 6 1060 23 4
7 49 7 510 11 11523 19 35
641 17 923 866
24 7 93 23
32 221
1444 16 5 2778
851 1330 4
193 8006 273
7 5766 1601
34 47 24 1648 12 76 11 1609 4
5 275 8 4318 19
851 9 887
851 1330 4
465 1121 47 26 253 10 867
7 2666 23 11 4716 4
8005 134 1 700
20229 40 374 221 30 132 777
515 17 4
671 9 3818
7 1230 559 11 435 19
7 1295 9579 3534
851 1330 4
33 11 5 415 1163 115 124 118 19
224 6 21 50 26 253 10 867
974 12 10579 30 16000 1
7 5766 1601
108 6030 11524 565 9 679 1429 273 11194 529 4560 54 37 4853
7 717 16849 4
7 706 221
342 23 11 5 269
33 11 5 415 1163 115 124 118 19
7 295 313 443
953 6 5229 221
192 6 1711 165 55
24 550 567 5 325 6 14 349 10 404 867
836 24 143 19
7 706 221
81 224 9 1779
7 5766 1601
8005 134 1 700
7 294 11 1 465
730 221
1034 5 67 313 115 11 36 83
34 77 206 5 117 29 116 80 55 35
515 17 4
27 14 1897 256
641 17 923 866
5030 6 5229 221
7 1230 559 11 435 465 19
418 1045 177 38 5 7618 4
34 47 24 1648 12 76 11 1609 4
353 122
8448 10063 273
201 1014 94 346 4
7 295 313 443
147 1002 294 57 5 11193
27 14 1897 256
81 224 9 1779
8447 5030 6 21806 1
10 240 39 3917 60 25 3081 12 257 55
7751 120 13 25 1144 3412
3412 20 5 952 34 1901 35 1937 16 32 221
806 4425 700 4
443 21 537 3158
515 17 4
7 371 84 469 17
147 1002 294 57 5 11193
548 783 19
528 247 4592
4593 6 4593 6 4593 6 4593 55 4
7 2563 1601
548 783 19
7 2563 1601
33 48 1045 443
974 12 10579 30 16000 1
4425 135 785 179 4
7 14098 14690 1380 17
5 275 8 296 19
1675 9 2900
81 85 11 7 32 189
7 294 11 5 98 469 509 62 1144 3412
1444 16 5 2778
703 11 807
548 783 19
4593 6 4593 6 4593 6 4593 55 4
275 221 7167
7 72 225 5077 16 400 1759
1074 678 72 11 1000 859 4
7 706 221
32 21 24 1045 32 4
32 221
1444 16 5 2778
985 5508 267 2400 406 99
7 3270 214 24 143 19
33 11 74 356 1045 1 318 2130 351 10 4715 4
48 23 57 7 269 11 48 99 4
13 8 313 19
5 275 8 296 19
81 23770 9 4942 12 39 164
953 6 5229 221
7 32 17 12 703 83 220
33 48 1045 443
414 8 16 5 828 11 5 14099
7 679 120 19
515 17 4
318 2130 1938 5 318 4
851 9 887
1074 678 72 11 1000 859 4
4425 135 785 179 4
4425 135 785 179 4
318 2130 1938 5 318 4
7 2563 1601
1283 15 7617 8 1640
8448 10063 273
353 122
7 1295 9579 3534
201 1014 94 346 4
671 9 3818
528 247 4592
581 11 5 4852 221 18 138 41 111 46 21 50 374
5 275 8 4318 19
7751 4123 776
671 9 3818
32 221
7 679 120 19
671 9 3818
4593 6 4593 6 4593 6 4593 55 4
7 14098 14690 1380 17
1074 678 72 11 1000 859 4
985 1045 15 5900 11 169 1181
7 679 120 19
1045 9 3412 8 177 30 7 2446
443 21 537 3158
192 559 11 169 1181 465
224 6 21 187 10 4
1045 909 5 708
1 19
7 32 17 12 703 83 220
7 2563 1601
7 32 17 12 703 83 220
147 1002 294 57 5 11193
8447 5030 6 21806 1
224 6 21 50 26 253 53 10
548 783 19
13 8 24 7 510 11 11523 19 35
414 8 16 5 828 11 5 408 166 9 227 6 9 195 49 63 6
515 17 4
7 2666 23 11 4716 4
14 20 137 802 55 1 1608 10 38 5 4986 1 19
24 550 567 5 325 6 14 349 10 404
40 1902 11 5 3391 67 115
7 679 120 19
8005 134 1 700
414 8 16 5 828 11 5 14099
134 14 279 7 248 17 84 5 430 4
7 14098 14690 1380 17
120 13 25 1144 3412
703 11 807
1444 16 5 2778
3412 1330 4
4425 135 785 179 4
7751 4123 776
1 19
7 14098 14690 1380 17
138 41 997 5 379 100 55
318 2130 1938 5 318 4
7752 4
4425 135 785 179 4
1444 16 5 2778
2401 9 89 84 270 54 95 1763
383 9 4280
414 8 16 5 828 11 5 14099
7751 4123 776
27 14 1897 256
32 221
48 23 93 611
27 14 1897 256
14 183 116 59 3061 5 5829 5705
703 11 807
7 271 3535
8448 10063 273
7751 4123 776
806 4425 700 4
274 33 11 5 98 469 509 62 1144 3412
32 21 24 1045 32 4
528 247 4592
7 72 225 5077 16 400 1759
32 221
318 2130 1938 5 318 4
581 11 5 4852 221 18 138 41 111 46 21 50 374
40 443 503 11 2779 9 6371 4
10 240 39 3917 60 25 3081 12 257 55
24 550 567 5 325 6 14 349 10 404
353 122
355 9 164
528 247 4592
48 23 6 7 251 80 16 435 214 24 985 1045 15 67
974 12 10579 30 16000 1
7 2563 1601
13 8 24 7 510 11 11523 19 35
81 85 11 7 32 189
193 8006 273
7 271 3535
34 47 24 1648 12 76 11 1609 4
1045 15 342 19
730 6 21 14 298 10
953 6 5229 221
383 9 4280
7 5766 1601
1283 15 7617 8 1640
1045 15 342 19
5 715 585 21 77 47 26 253 10 867
353 122
703 11 807
201 1014 94 346 4
147 1002 294 57 5 11193
1045 9 3412 8 177 30 7 2446
2148 6 2148 4
353 122
1045 909 5 708
418 1045 177 38 5 7618 4
353 122
318 2130 38 327 803 16 32 990 273
7 371 84 469 17
5 275 8 4318 19
40 1902 11 33 150 1144 3412
2683 5 2736 11 5 201 675
3338 807
418 1045 177 38 5 7618 4
2148 6 2148 4
1 19
193 8006 273
985 1045 15 5900 11 169 1181
2401 9 89 84 270 54 95 1763
7 5766 1601
24 7 93 23
7752 4
7 32 17 12 703 83 220
2148 6 2148 4
6281 2348 11 1669 9 221
851 1330 4
1045 15 342 19
353 122
8005 134 1 700
34 47 24 1648 12 76 11 1609 4
2148 6 2148 4
2683 5 2736 11 5 201 675
40 443 503 11 2779 9 6371 4
131 406 11 7 294 19
528 247 4592
48 1045 177 38 5 7618 4
237 14 279 7 248 17 84 5 430 4
806 4425 700 4
10 8 268 12 3479 30 529 4560 4
193 8006 273
8005 134 1 700
2683 5 2736 11 5 201 675
465 1121 116 113 111 51 85 372 19
985 1045 15 5900 11 169 1181
63 118 6 21 49 32 990 273
985 1045 15 5900 11 169 1181
703 11 807
24 7 93 23
40 1902 11 33 150 1144 3412
24 7 93 23
33 11 5 415 1163 115 124 118 19
224 6 21 50 26 253 53 10
81 224 9 1779
548 783 19
1675 9 2900
7 679 120 19
418 1045 177 38 5 7618 4
24 7 93 23
355 9 164
528 247 4592
7752 4
318 2130 38 327 803 16 32 990 273
1675 9 2900
8448 10063 273
193 8006 273
48 6280 23
32 221
275 221 7167
81 85 11 7 32 189
34 77 5 201 675
1675 9 2900
383 9 4280
7 2563 1601
2401 9 89 84 270 54 95 1763
40 1902 11 33 150 1144 3412
342 23 11 5 269
7 679 120 19
5 275 8 4318 19
7 5766 1601
3338 807 1 65 30 81 85 372 19
81 224 9 1779
14 183 116 59 3061 5 5829 5705
1045 909 5 708
953 6 5229 221
193 8006 273
192 559 11 169 1181 465
193 8006 273
8005 134 1 700
33 11 5 415 1163 115 124 118 19
5 275 8 296 19
974 12 10579 30 16000 1
81 85 11 7 32 189
953 6 5229 221
201 1014 94 346 4
703 11 807
418 1045 177 38 5 7618 4
8448 10063 273
63 118 6 21 1 318 2130 351 10 4715 4
7 5766 1601
147 1002 294 57 5 11193
7 706 221
7 3270 214 1013 1345 443
318 2130 1938 5 318 4
1 19
7 3270 214 1013 1345 443
138 41 997 5 379 100 55
851 1330 4
7 706 221
7 1295 9579 3534
703 11 807
193 8006 273
42 40 1060 6 1060 23 4
13 8 313 19
274 33 11 5 98 469 509 62 1144 3412
7 1230 559 11 435 465 19
81 224 9 1779
3338 807 1 65 30 81 85 1
641 17 923 866
1045 909 5 708
985 5508 267 2400 406 99
7 32 17 12 703 83 220
81 224 9 1779
8005 134 1 700
730 6 21 14 298 10
1675 9 2900
5 275 8 4318 19
48 6280 23
5 275 8 4318 19
8005 134 1 700
730 6 21 14 298 10
5 275 8 4318 19
14 47 26 101 10 4
32 21 24 1045 32 4
383 9 4280
7 3270 214 1013 1345 443
443 21 537 3158
7 14098 14690 1380 17
342 23 11 5 269
81 23770 9 4942 12 39 164
10 240 39 3917 60 25 3081 12 257 55
20229 40 374 221 30 132 777
7 717 16849 4
2148 6 2148 4
147 1002 294 57 5 11193
24 27 32 27 12 168 36 896 61 2285 56
8447 5030 6 21806 1
274 33 11 5 98 469 509 62 1144 3412
147 1002 294 57 5 11193
1544 143 199 62 1490 10853 150 8 33 11 5 3391 67 115
1544 143 199 21807 62 5 117 18 1 229 10062 4
318 2130 38 327 803 16 32 990 273
353 122
33 48 1045 443
953 6 5229 221
7 295 313 443
13 8 313 19
353 122
13 8 24 18 48 11 40 232 4
8005 134 1 700
27 14 1897 256
275 221 7167
32 221
581 11 5 4852 221 18 138 41 111 46 21 50 374
342 23 11 5 269
104 3412 8 4318 19
192 6 1711 165 55
7 679 120 19
81 224 9 1779
48 6280 23
7751 4123 776
1 19
49 456 1071 9 81 224 21 30 985 1045 15 67
703 11 807
353 122
40 1902 11 33 150 1144 3412
7 1295 9579 3534
32 21 24 32 4
414 8 16 5 828 11 5 14099
24 18 93 11 7 221 21 24 18 48 11 40 232 4
383 9 4280
81 85 11 7 32 189
641 17 923 866
515 17 4
7752 4
14 183 116 59 3061 5 5829 5705
131 406 11 7 32 189
548 783 19
2148 6 2148 4
120 13 25 1144 3412
81 85 11 7 32 189
4425 135 785 179 4
7 271 3535
353 122
24 27 32 27 12 168 36 896 61 2285 56
14 183 116 59 3061 5 5829 5705
2683 5 2736 11 5 10853 115 14 183 374 221
274 33 11 5 415 1163 115 124 118 19
13 8 313 19
2148 6 2148 4
13 8 24 7 510 11 11523 19 35
33 11 5 342 23771 2021 102 16 1476 1759 19
201 1014 94 346 4
353 122
8005 134 1 700
201 1014 94 346 4
7 1295 9579 3534
32 221
1034 5 67 313 115 11 36 83
8448 10063 273
836 24 143 19
81 23770 9 4942 12 39 164
7 271 3535
8447 5030 6 21806 1
7 271 3535
7 5766 1601
1074 678 72 11 1000 859 4
836 24 143 19
1034 5 67 313 115 11 36 83
353 122
1045 909 5 708
6281 2348 11 1669 9 221
32 221
224 6 21 187 10 4
318 2130 38 327 803 16 32 990 273
192 6 23
88 103 5 793 92 73 21807 62 5 5230 55
81 23770 9 4942 12 39 164
32 221
7 2563 1601
49 248 17 25 5 408 166 9 227 6 9 195 49 63 6
193 8006 273
8448 10063 273
7 14098 14690 1380 17
414 8 16 5 828 11 5 14099
1544 143 199 62 1490 10853 150 8 33 11 5 98 469 509 62 1144 3412
224 6 21 187 10 4
2683 5 2736 11 5 201 675
13 8 313 19
193 8006 273
6096 1345 877
1045 15 342 19
1045 909 5 708
515 17 4
548 783 19
7 271 3535
783 19
10 8 268 12 3479 30 529 4560 4
851 1330 4
4425 135 785 179 4
2683 5 2736 11 5 201 675
671 9 3818
1045 9 3412 8 177 30 7 2446
7 371 84 469 17
7 3270 214 1013 1345 443
7 706 221
985 342 19
7 295 313 443
7751 4123 776
104 1144 3412 351 1045 15 67
13 8 313 19
24 7 93 23
443 21 537 3158
528 247 4592
8005 134 1 700
7 2563 1601
7752 4
353 122
528 247 4592
7 5766 1601
851 9 887
515 17 4
5900 11 169 1181 7 366 94 631 273
806 4425 700 4
81 85 11 7 32 189
1 19
20229 40 374 221 30 132 777
443 21 537 3158
274 33 11 5 98 469 509 62 1144 3412
192 559 11 169 1181 465
224 6 21 50 26 253 53 10
4425 135 785 179 4
13 8 313 19
7 706 221
671 9 3818
24 7 93 23
7 32 17 12 703 83 220
138 41 997 5 379 100 55
548 783 19
418 1045 177 38 5 7618 4
318 2130 1938 5 318 4
32 221 18 138 41 111 46 21 50 374
33 48 1045 443
528 247 4592
7752 4
8447 5030 6 21806 1
528 247 4592
985 5508 267 2400 406 99
33 48 1045 443
443 21 537 3158
48 6280 23
383 9 4280
7 294 11 1 465
33 48 1045 443
7 295 313 443
8448 10063 273
33 48 23 6 7 251 80 16 435 214 24 985 1045 15 67
237 14 279 7 248 17 84 5 430 4
120 13 25 1144 3412
131 406 11 7 294 19
443 21 77 47 26 253 10 867
48 23 57 7 269 11 48 99 4
7752 4
3412 20 5 952 34 1901 35 1937 16 13 33 19
985 5508 267 2400 406 99
81 85 11 7 32 189
1 19
7 5766 1601
120 13 25 1144 3412
4593 6 4593 6 4593 6 4593 55 4
528 247 4592
1444 16 5 2778
14 183 116 59 3061 5 5829 5705
985 5508 267 2400 406 99
7 2666 23 11 4716 4
7751 4123 776
851 1330 4
32 221
414 8 16 5 828 11 5 14099
2148 6 2148 6 2148 4
24 7 93 23
2683 5 2736 11 5 201 675
7 271 3535
7 49 32 23 63 187 220
851 1330 4
33 48 1045 443
383 9 4280
7 371 84 469 17
193 8006 273
680 6096 1345 877
7 717 16849 4
5900 11 169 1181 7 366 94 631 273
14 47 26 101 10 4
5 275 8 296 19
1045 909 5 708
1 19
465 1121 116 113 111 51 85 372 19
48 23 93 611
48 23 93 611
8448 10063 273
8005 134 1 700
81 85 11 7 32 189
7 271 3535
851 1330 4
7 49 32 23 63 187 220
342 23 11 5 269
5 275 8 4318 19
1675 9 2900
465 1121 116 113 111 51 85 372 19
974 12 10579 30 16000 1
13 8 313 19
48 23 93 611
671 9 7 32 17 12 703 83 220
443 21 537 3158
14 20 137 802 55 1 1608 10 38 5 4986 1 19
81 23770 9 4942 12 39 164
1045 15 342 19
93 1086 62 5 117 18 1 229 10062 4
7 2563 1601
851 1330 4
40 443 503 11 2779 9 6371 4
836 24 143 19
851 9 887
7752 4
985 5508 267 2400 406 99
836 24 143 19
7 717 16849 4
7 295 313 443
5 715 585 21 77 47 26 253 10 867
7 2563 1601
24 7 93 23
7 371 84 469 17
48 23 6 7 251 80 16 435 214 24 985 1045 15 67
192 559 11 169 1181 465
443 21 537 3158
5900 11 169 1181 465
7 2666 23 11 4716 4
32 221
275 221 7167
671 9 3818
7 5766 1601
1675 9 2900
274 33 11 5 98 469 509 62 1144 3412
13 8 313 19
13 8 24 7 510 11 11523 19 35
342 23 11 5 269
34 1901 35 1937 13 33
7 14098 14690 1380 17
581 11 5 4852 221 18 138 41 111 46 21 50 4
81 85 11 7 221 21 24 18 48 11 1669 9 89 84 270 54 95
953 6 5229 221
40 443 503 11 2779 9 6371 4
49 248 17 25 5 408 379 100 55
5 275 8 4318 19
40 1902 11 33 150 1144 3412
14 47 26 101 10 4
7751 4123 776
953 6 5229 221
836 24 143 19
7 706 221
34 77 206 5 117 29 116 80 55 35
515 17 4
5 715 585 21 77 47 26 253 10 867
680 6096 1345 877
680 6096 1345 877
48 23 93 611
48 23 93 611
7 72 225 5077 16 400 1759
1283 15 7617 8 1640
806 4425 700 4
1 19
953 6 5229 221
730 6 21 14 298 10
671 9 3818
34 47 24 1648 12 76 11 1609 4
13 8 313 19
671 9 3818
32 221
318 2130 38 327 803 16 32 990 273
7 295 313 443
974 12 10579 30 16000 1
7 5766 1601
1675 9 2900
318 2130 38 327 803 16 32 33
13 8 24 7 510 11 11523 19 35
8448 10063 273
7 5766 1601
7 706 221
192 559 11 169 1181 7 366 94 631 273
1444 16 5 2778
7 5766 1601
14 183 116 59 3061 5 47 26 253 10 867
13 8 24 27 32 27 12 168 36 896 61 2285 56
7752 4
32 221
515 17 4
4593 6 4593 6 4593 6 4593 55 4
131 406 11 7 294 19
985 1045 15 5900 11 169 1181 318 2130 351 10 4715 4
342 23 11 5 269
671 9 3818
10 240 39 3917 60 25 3081 12 257 55
985 5508 267 2400 406 99
32 221
48 6280 23
974 12 10579 30 16000 1
81 224 9 1779
7 32 17 12 703 83 220
353 122
581 11 5 4852 221 18 138 41 111 46 21 50 374
355 9 164
5 275 8 296 19
7751 4123 776
48 23 93 611
5 3269 3627 8 1736 4
8447 5030 6 21806 1
7 679 120 19
33 11 5 67 115 14 183 124 161
806 4425 700 4
851 1330 4
528 247 4592
49 456 1071 9 81 224 21 30 48 1316
5900 11 807
1444 16 5 2778
7 5766 1601
851 1330 4
192 6 1711 165 55
353 122
806 4425 700 4
81 224 9 36 896 61 2285 55 10
1283 15 7617 8 1640
7 717 16849 4
7 5766 1601
1544 143 199 62 1490 10853 1 465
7 295 313 443
7 294 11 1 465
120 13 25 1144 3412
3412 20 5 952 34 1901 35 1937 16 1476 16 13 33 19
8447 5030 6 21806 1
33 11 5 67 115 14 183 124 161
671 9 3818
8447 5030 6 21806 1
48 23 57 224 9 1779
81 23770 9 4942 12 39 164
528 247 4592
1045 15 342 19
383 9 4280
7 271 3535
13 8 313 19
40 443 503 11 2779 9 6371 4
671 9 3818
528 247 4592
93 1086 62 5 117 18 1 229 10062 4
641 17 923 866
383 14 279 7 248 17 84 5 430 4
383 9 4280
33 11 5 67 115 14 183 124 161
42 40 1060 6 1060 23 4
34 47 24 1648 12 76 11 1609 4
1045 15 342 19
1283 15 7617 8 1640
1045 15 342 19
7 49 32 23 63 187 220
730 6 21 14 298 10
7 717 16849 4
7752 4
120 13 25 1144 3412
1675 9 2900
7 706 221
418 1045 177 38 5 318 4
7 32 17 12 703 83 220
7 32 17 12 703 83 220
33 48 1045 443
7 14098 14690 1380 17
465 19
851 1330 4
641 17 923 866
120 13 25 1144 3412
318 2130 38 327 803 16 32 990 273
224 6 21 50 26 253 53 10
48 6280 23
201 1014 94 346 4
13 8 24 7 510 11 11523 19 35
7 2666 23 11 4716 4
42 40 1060 6 1060 23 4
13 8 313 19
81 224 9 1779
32 221
131 406 11 7 32 17 12 703 83 220
7 2563 1601
2148 6 2148 4
7 679 120 19
7 1230 559 11 435 465 19
7 14098 14690 1380 17
8005 134 1 700
383 9 4280
2148 6 2148 4
641 17 923 866
1444 16 5 2778
120 13 25 1144 3412
24 7 93 23
414 8 16 5 828 11 5 14099
7 5766 1601
8448 10063 273
81 224 9 1779
2683 5 2736 11 5 201 675
27 14 1897 256
224 6 21 50 26 253 53 10
836 24 143 19
2401 9 89 84 270 54 95 1763
33 11 5 67 115 14 183 124 161
548 783 19
7 2563 1601
7 1230 559 11 435 465 19
7 717 16849 4
1675 9 2900
7 295 313 443
1034 5 67 313 115 11 36 83
528 247 4592
7 1230 559 11 435 465 19
131 406 11 7 32 189
851 9 887
20229 40 374 221 30 132 777
548 783 19
8447 5030 6 21806 1
24 550 567 5 325 6 14 349 10 404
7 706 221
703 11 807
836 24 143 19
104 1144 3412 351 7 93 139 6 29 127 29 206 16 1338
27 14 1897 256
20229 40 374 221 30 132 777
7 32 17 12 703 83 220
953 6 5229 221
7 5766 1601
680 6096 1345 877
1074 678 72 11 1000 859 4
32 221
1045 15 342 19
7752 4
5900 11 169 1181 7 366 94 631 273
3338 807 1 65 30 81 85 1 1
1444 16 5 2778
13 8 313 19
193 8006 273
33 11 5 415 1163 115 124 118 19
7 2666 23 11 4716 4
1 19
7752 4
48 6280 23
138 41 997 5 379 100 55
2148 6 2148 4
515 17 4
193 8006 273
1045 9 3412 8 177 30 7 2446
836 24 1045 32 4
548 783 19
34 77 206 5 117 29 116 80 55 35
7752 4
318 2130 1938 5 318 4
108 6030 11524 565 9 679 1429 273 11194 529 4560 54 37 4853
515 17 4
275 221 7167
1544 143 199 62 1490 10853 150 8 33 19
7 271 3535
806 4425 700 4
7 271 3535
515 17 4
192 6 1711 165 55
342 23 11 5 269
7 294 11 1 465
418 1045 177 38 5 7618 4
5 275 8 296 19
24 7 93 23
465 1121 116 113 111 51 85 372 19
32 221
40 1902 11 33 150 1144 3412
4425 135 785 179 4
7 5766 1601
6281 2348 11 1669 9 221
33 48 1045 443
7 706 221
7 32 17 12 703 23771 2021 102 16 1476 1759 19
20229 40 374 221 30 132 777
7 294 11 1 465
528 247 4592
7752 4
48 23 57 7 269 11 32 23 63 187 220
7 2666 23 11 11523 84 5 408 166 9 227 6 9 195 49 63 6
851 1330 4
7 679 120 19
7 1295 9579 3534
671 9 3818
548 783 19
14 47 26 101 10 4
24 550 567 5 325 6 14 349 10 404
8447 5030 6 21806 1
34 77 206 5 117 29 116 80 55 35
13 8 313 19
8447 5030 6 21806 1
33 48 1045 443
13 8 313 19
383 9 4280
33 11 74 356 1045 32 4
7 295 313 443
1045 909 5 708
1045 15 342 19
81 224 9 1779
48 6280 23
3338 807 1 65 30 81 85 1
24 7 93 23
193 8006 273
1045 909 5 708
5 715 585 21 77 47 26 253 10 867
40 443 503 11 2779 9 6371 4
7 371 84 469 17
108 6030 11524 565 9 679 1429 273 11194 529 4560 54 37 4853
1045 15 342 19
14 20 137 802 55 1 65 30 318 2130 351 10 4715 4
13 8 313 19
703 11 807
81 85 11 7 32 189
680 6096 1345 877
5 275 8 4318 19
2401 9 89 84 270 54 95 1763
147 1002 294 57 5 11193
443 21 537 3158
2401 9 89 84 270 54 95 1763
120 13 25 1144 3412
1045 909 5 708
851 1330 4
7 5766 1601
7 2563 1601
7 371 84 469 17
1034 5 67 313 115 11 36 83
985 5508 267 2400 406 99
1045 909 5 708
671 9 3818
8447 5030 6 21806 1
14 183 116 59 3061 5 5829 5705
24 27 32 27 12 168 36 896 61 2285 56
515 17 4
48 23 93 611
1045 15 342 19
40 443 503 11 2779 9 6371 4
680 6096 1345 877
147 1002 294 19
680 6096 1345 877
7752 4
6281 2348 11 1669 9 221
1230 425 806 6 515 6 608 6 105 5030 6 105 6 9 13575 3454
1045 909 5 708
528 247 4592
4593 6 515 6 2148 4
48 6280 23
7 49 49 32 33
353 122
7752 4
42 40 1060 6 1060 23 4
48 23 93 611
3412 20 5 952 34 1901 35 1937 16 13 33 19
32 21 24 32 4
42 40 1060 6 1060 23 4
443 21 537 3158
34 47 24 1648 12 76 11 1609 4
355 9 164
953 6 5229 221
1675 9 2900
7 294 11 1 465
1074 678 72 11 1000 859 4
201 1014 94 346 4
418 1045 177 38 5 7618 4
548 783 19
680 6096 1345 877
120 13 25 1144 3412
201 1014 94 346 4
7 717 16849 4
7 706 221
5900 11 807
1230 9 3412 8 177 30 7 2446
680 6096 1345 877
32 21 24 1045 32 4
5 715 585 21 77 47 26 253 10 867
7 271 3535
7 2563 1601
7 295 313 443
138 41 997 5 379 100 55
680 6096 1345 877
32 221
40 1902 11 33 150 1144 3412
88 103 5 793 92 73 21807 62 5 5230 55
27 14 1897 256
5 275 8 4318 19
355 9 164
1074 678 72 11 1000 859 4
8448 10063 273
8447 5030 6 21806 1
730 6 21 14 298 10
32 221
1034 5 67 313 115 11 36 83
7 32 17 12 703 83 220
48 6280 23
1045 15 342 19
806 4425 700 4
353 122
48 6280 23
1230 425 806 6 515 6 608 6 105 6 3412
4425 135 785 179 4
836 24 143 19
224 6 21 187 10 4
7 2563 1601
5 275 8 4318 19
1045 909 5 708
275 221 7167
806 4425 700 4
355 9 164
8005 134 1 700
5 275 8 296 19
7 1295 9579 3534
1 19
342 23 11 5 269
1283 15 7617 8 1640
7 1230 559 11 435 465 19
318 2130 1938 5 318 4
13 8 313 19
1230 425 806 6 515 6 608 6 105 6 9 13575 3454
1444 16 5 2778
8005 134 1 700
34 77 206 5 117 29 116 80 55 35
353 122
275 221 7167
3338 807 1 65 30 81 85 1 318 2130 351 10 4715 4
5 275 8 4318 19
48 23 93 611
193 8006 273
81 224 9 1779
5900 11 169 1181 7 366 94 631 273
5 275 8 4318 19
48 23 93 611
851 1330 4
1675 9 2900
7 32 17 12 703 83 220
383 9 4280
7 14098 14690 1380 17
237 14 279 7 248 17 84 5 430 4
2401 9 89 84 5 430 4
10 8 268 12 3479 30 529 4560 4
27 14 1897 256
10 8 268 12 3479 30 529 4560 4
33 48 1045 443
515 17 4
7752 4
953 6 5229 221
138 41 997 5 379 100 55
355 9 164
33 48 1045 443
7 295 313 443
274 33 11 5 98 469 509 62 1144 3412 351 7 93 139 6 29 127
81 85 11 7 32 189
63 118 6 21 49 2666 9 516 4
275 221 7167
7 32 17 12 703 83 220
48 6280 23
7 14098 14690 1380 17
443 21 537 3158
40 443 503 11 2779 9 6371 4
7 371 84 469 17
353 122
7 5766 1601
353 122
985 1045 15 5900 11 169 1181
414 8 16 5 828 11 5 14099
7752 4
3338 807 1 65 30 81 85 1 1
671 9 3818
7 271 3535
40 443 503 11 2779 9 6371 4
193 8006 273
192 6 1711 165 55
703 11 807
7 49 49 32 33
274 33 11 5 98 469 509 62 1144 3412
192 6 1711 165 55
33 11 74 356 1045 1 318 2130 351 10 4715 4
7 717 16849 4
7 1230 559 11 435 465 19
1074 678 72 11 1000 859 4
353 122
7 295 313 443
13 8 24 7 510 11 48 99 4
703 11 807
93 1086 62 5 325 6 14 349 10 404
851 1330 4
1 19
147 1002 294 57 5 11193
5 275 8 296 19
2683 5 2736 11 5 201 675
443 21 537 3158
48 23 57 7 269 11 48 99 4
7 1230 559 11 435 465 19
81 224 9 1779
7751 4123 776
81 224 9 1779
680 6096 1345 877
515 17 4
383 9 4280
13 8 24 7 510 11 11523 19 35
1074 678 72 11 1000 859 4
93 1086 62 5 117 18 1 229 10062 4
7 49 32 221
24 550 567 5 325 6 14 349 10 404
1675 9 4280
1 19
1444 16 5 2778
8448 10063 273
985 1045 15 5900 11 169 1181
33 11 5 67 115 14 183 124 161
7 1295 9579 3534
7 271 3535
7 371 84 469 17
5 275 8 4318 19
48 6280 23
851 1330 4
108 6030 11524 565 9 679 1429 273 11194 529 4560 54 37 4853
8447 5030 6 21806 1
7 371 84 469 17
13 8 313 19
7 295 313 443
40 443 503 11 2779 9 6371 4
24 7 93 23
7 32 17 12 703 83 220
548 783 19
20229 40 374 221 30 132 777
443 21 24 1045 32 4
7752 4
81 23770 9 4942 12 39 164
985 1045 15 5900 11 169 1181
383 9 4280
383 9 4280
224 6 21 50 26 253 10 867
5 275 8 4318 19
5 3269 3627 8 7 7499 25 200 3995 9 14691
14 20 137 802 55 1 1608 10 38 5 4986 1 19
1675 9 2900
5 275 8 4318 19
1045 15 342 19
48 6280 23
48 23 93 611
7 295 313 443
528 247 4592
48 23 93 611
7 2563 1601
27 14 1897 256
32 221
81 85 11 7 32 189
32 221
465 1121 116 113 111 51 85 372 19
81 23770 9 4942 12 39 164
24 27 32 27 12 168 36 896 61 2285 56
641 17 923 866
3338 807 1 65 30 81 85 1 1
3338 807 1 65 30 81 85 1
974 12 10579 30 16000 1
355 9 164
33 48 1045 443
7 679 120 19
27 14 1897 256
342 23 11 5 269
851 1330 23
275 221 7167
7 271 3535
1045 15 342 19
443 21 537 3158
33 11 5 67 115 14 183 124 161
443 21 537 3158
1283 15 7617 8 1640
353 122
1074 678 72 11 1000 859 4
1675 9 2900
355 9 164
1045 909 5 708
680 6096 1345 877
383 9 4280
8005 134 1 700
237 14 279 7 248 17 84 5 430 4
7 717 16849 4
581 11 5 4852 221 18 138 41 111 46 21 50 374
7 5766 1601
2148 6 2148 4
201 1014 94 346 4
851 9 887
120 13 25 1144 3412
7 1230 559 11 435 465 19
353 122
81 23770 9 4942 12 39 164
48 23 57 7 269 11 48 99 4
7 72 225 5077 16 400 1759
6281 2348 11 1669 9 221
443 21 537 3158
192 6 1711 165 55
1675 9 2900
192 6 1711 165 55
5 275 8 4318 19
7 294 11 1 465
7 717 16849 4
2148 6 2148 4
851 9 3818
7 2563 1601
1675 9 2900
953 6 5229 221
528 247 4592
14 20 137 802 55 1 1608 10 38 5 4986 1 19
515 17 4
641 17 923 866
14 20 137 802 55 1 1608 10 38 5 4986 1 19
465 1121 116 113 111 51 85 372 19
1444 16 5 2778
7 706 221
1045 9 3412 8 177 30 7 2446
27 14 1897 256
1230 425 806 6 515 6 608 6 105 6 9 13575 3454
1034 5 67 3412 351 7 93 139 6 29 118 19
641 17 923 866
14 47 26 101 10 4
7 5766 1601
1230 425 806 6 515 6 608 6 105 6 9 13575 3454
7 706 221
192 6 1711 165 55
13 8 24 7 510 11 11523 19 35
8005 134 1 700
383 9 4280
7 13 8 313 19
192 6 1711 165 55
465 1121 116 113 111 51 85 372 19
81 85 11 7 32 189
32 221
81 224 9 1779
34 77 206 5 117 29 116 80 55 35
40 1902 11 33 150 1144 3412
5 3269 3627 8 7 7499 25 200 3995 9 14691
548 783 19
680 6096 1345 877
8005 134 1 700
33 48 1045 443
851 9 887
7 294 11 1 465
34 47 24 1648 12 76 11 1609 4
355 9 164
2401 9 89 84 270 54 95 1763
7 49 32 23 63 187 220
4593 6 4593 6 4593 6 4593 55 4
528 247 4592
851 9 887
806 4425 700 4
7 706 221
5 3269 3627 8 7 7499 25 200 3995 9 14691
353 122
355 9 164
7 1295 9579 3534
2401 9 89 84 270 54 95 1763
1 19
8448 10063 273 8 1736 4
515 17 4
7 5766 1601
355 9 164
1675 9 2900
443 21 537 3158
48 23 93 611
985 5508 267 2400 406 99
81 224 9 1779
7 717 16849 4
7 294 11 1 465
20229 40 374 221 21 12 39 3917 60 25 3081 12 257 55
7752 4
7752 4
192 6 1711 165 55
953 6 5229 221
1034 5 67 313 115 11 36 83
224 6 21 187 10 4
7 5766 1601
703 11 40 1060 6 1060 23 4
32 221
465 1121 116 113 111 51 85 372 19
7 679 120 19
974 12 10579 30 16000 1
1045 909 5 708
8005 134 1 700
20229 40 374 221 30 132 777
27 14 1897 256
548 783 19
20229 40 374 221 30 132 777
40 1902 11 33 150 1144 3412
138 41 997 5 379 100 55
671 9 3818
224 6 21 50 26 253 53 10
81 224 9 1779
7 5766 1601
8005 134 1 700
237 14 279 7 248 17 84 5 430 4
6281 2348 11 1669 9 221
641 17 923 866
548 783 19
953 6 5229 221
1045 9 3412 8 177 30 7 2446
1045 909 5 708
418 1045 177 38 5 7618 4
7 271 3535
138 41 997 5 379 100 55
318 2130 1938 5 318 4
548 783 19
8448 10063 273
528 247 4592
81 224 9 1779
7751 4123 776
32 221
8448 10063 273
7 1295 9579 3534
42 40 1060 6 1060 23 4
24 27 32 27 12 168 36 896 61 2285 56
193 8006 273
40 443 503 11 2779 9 6371 4
48 6280 23
302 5 5230 1586 8 15307 6 21 1390 15 1 8 1736 4
93 1086 62 5 117 18 1 229 10062 4
7 706 221
7 1295 9579 3534
8448 10063 273
548 783 19
318 2130 38 327 803 16 32 990 273
342 23 11 5 269
7 1295 9579 3534
7 706 221
10 240 39 3917 60 25 3081 12 257 55
671 9 3818
355 9 164
120 13 25 1144 3412
7 371 84 469 17
985 5508 267 2400 406 99
4425 135 785 179 4
953 6 5229 221
953 6 5229 221
34 77 206 5 117 29 116 80 55 35
24 27 32 23 63 187 220
7751 4123 776
353 122
237 14 279 7 248 17 84 5 430 4
2401 9 89 84 270 54 95 1763
7 72 225 5077 16 1476 1759 19
7 371 84 469 17
953 6 5229 221
641 17 923 866
528 247 4592
8447 5030 6 21806 1
7 1230 559 11 435 465 19
7 295 313 443
48 23 93 611
33 11 5 415 1163 115 124 118 19
48 23 93 611
81 224 9 1779
851 1330 4
318 2130 38 327 803 16 32 990 273
14 183 116 59 3061 5 5829 5705
81 224 9 1779
1034 5 67 115 14 183 124 161
355 9 164
33 11 74 356 1045 1 318 2130 351 10 4715 4
355 9 164
48 23 93 611
48 11 40 374 221 30 132 777
985 1045 15 5900 11 169 1181
1034 5 2778
7751 4123 776
953 6 5229 221
10 8 268 12 3479 30 529 4560 4
7751 4123 776
1675 9 2900
120 13 25 1144 3412
24 27 32 27 12 168 36 896 61 2285 56
224 6 21 187 10 4
302 5 5230 1586 8 15307 6 21 1390 15 1 8 1736 4
7 2666 23 11 4716 4
1074 678 72 11 1000 859 4
3412 20 5 952 34 1901 35 1937 16 13 33 19
318 2130 38 327 803 16 32 990 273
131 406 11 7 294 19
193 8006 273
7 679 120 19
32 221
4425 135 785 179 4
40 443 503 11 2779 9 227 6 9 195 49 63 6
7752 4
7 1230 559 11 435 465 19
120 13 25 1144 3412
974 12 10579 30 16000 1
33 11 5 415 1163 115 529 4560 54 37 4853
48 6280 23
1230 425 806 6 515 6 608 6 105 6 9 13575 3454
224 6 21 187 10 4
7 32 17 12 703 83 220
515 17 4
806 4425 700 4
34 77 206 5 117 29 116 80 55 35
1034 5 67 313 115 11 36 83
836 24 143 19
7 72 225 5077 16 400 1759
201 1014 94 346 4
81 85 11 7 32 189
5 715 585 21 77 47 26 253 10 867
7751 4123 776
32 221
8448 10063 273
383 9 4280
851 1330 4
5 3269 3627 8 33 19
7 271 3535
24 27 32 27 12 168 36 896 61 2285 56
29 45 210 26 2009 5 1615 11 5 2238 6 485
7 14098 14690 1380 17
5900 11 169 1181 7 366 94 631 273
5 275 8 296 19
14 20 137 802 55 1 1608 10 38 327 803 16 32 990 273
1045 9 3412 8 177 30 7 2446
641 17 923 866
32 21 537 3158
7 3270 214 1013 1345 443
7752 4
1444 16 5 2778
353 122
7 2666 23 11 4716 4
192 559 11 169 1181 465
14 47 26 101 10 4
33 11 5 415 1163 115 124 118 19
548 783 19
342 23 11 5 269
33 48 1045 443
13 8 313 19
81 85 11 7 32 189
48 23 1060 6 1060 23 4
138 41 997 5 379 100 55
7 271 3535
1675 9 2900
1034 5 67 313 115 11 36 83
29 45 210 26 101 10 4
8447 5030 6 21806 1
192 559 11 169 1181 465
355 9 164
7 32 17 12 703 83 220
7 271 3535
515 17 4
131 406 11 7 294 19
8447 5030 6 21806 1
49 456 1071 9 81 224 21 30 48 1316
985 5508 267 2400 406 99
353 122
7 679 120 19
985 5508 267 2400 406 99
414 8 177 30 7 2446
1045 15 342 19
641 17 923 866
528 247 4592
6281 2348 11 1669 9 221
4425 135 785 179 4
93 1086 62 5 117 18 1 229 10062 4
1045 9 3412 8 177 30 7 2446
7 32 17 12 703 83 220
851 1330 4
7 3270 214 1013 1345 443
1045 909 5 708
7 5766 1601
7751 4123 776
7 294 11 1 465
7 371 84 469 17
953 6 5229 221
20229 40 374 221 30 132 777
8448 10063 273
7 371 84 469 17
5 3269 3627 8 7 7499 25 200 3995 9 14691
13 8 313 19
32 221
1444 16 5 2778
14 47 26 101 10 4
33 11 5 342 23771 2021 102 16 1476 1759 19
318 2130 1938 5 318 4
2148 6 2148 4
24 7 93 23
1544 143 199 62 1490 10853 150 8 33 11 5 3391 67 115
443 21 537 3158
2148 6 2148 4
443 21 537 3158
7 49 32 23 63 187 220
147 1002 294 57 5 11193
302 5 5230 1586 8 15307 6 21 1390 15 48 1316
4593 6 4593 6 4593 6 4593 55 4
974 12 10579 30 16000 1
224 6 21 187 10 4
7 295 313 443
7752 4
193 8006 273
192 6 1711 165 55
81 85 11 7 32 189
383 9 4280
680 6096 1345 877
224 6 21 187 10 4
7 49 32 23 63 187 220
953 6 5229 221
48 23 6 7 251 80 16 435 214 24 985 1045 15 67
318 2130 1938 5 318 4
851 9 887
48 23 93 611
730 6 21 14 298 10
836 24 143 19
353 122
224 6 21 50 26 102 16 1476 1759 19
7751 4123 776
7752 4
414 8 16 5 828 11 5 14099
548 783 19
414 8 16 5 828 11 5 14099
1 19
5 275 8 296 19
34 47 24 1648 12 76 11 1609 4
14 20 137 10853 150 8 33 11 5 3391 67 115
29 45 210 26 2009 5 1615 11 5 2238 6 485
851 9 887
355 9 164
192 6 1711 165 55
342 23 11 5 269
836 24 143 19
193 8006 273
7 1230 559 11 435 465 19
7 49 32 23 63 187 220
7 295 313 443
7 1295 9579 3534
443 21 537 3158
2683 5 2736 11 5 201 675
32 221
7 295 313 443
224 6 21 187 10 4
851 1330 4
237 14 279 7 221 21 24 18 7 32 17 12 257 55
13 8 313 19
29 45 210 26 2009 5 1615 11 5 2238 6 485
20229 40 374 221 30 132 777
7 295 313 115 11 36 83
33 11 74 356 1045 1 318 2130 351 10 4715 4
836 24 1648 12 39 164
138 41 997 5 379 100 55
7 3270 214 1013 1345 443
836 24 143 19
7 1295 9579 3534
88 103 5 793 92 73 21807 62 5 5230 55
5 275 8 296 19
355 9 164
528 247 4592
32 221
7 2666 23 11 4716 4
7751 4123 776
1 19
7752 4
33 48 1045 443
32 221
7 706 221
355 9 164
8448 10063 273
1544 143 199 62 1490 10853 150 8 33 11 5 98 469 509 62 1144 3412
4425 135 785 179 4
680 6096 1345 877
1675 9 2900
7751 4123 776
7 5766 1601
33 48 1045 443
7 49 32 23 63 187 220
32 221
201 1014 94 346 4
318 2130 1938 5 318 4
7 706 221
7 271 3535
1675 9 2900
81 23770 9 4942 12 39 164
7 49 49 32 33
7 679 120 19
7 294 11 1669 9 221
24 27 32 27 12 168 36 896 61 2285 56
5 275 8 296 19
13 8 313 19
24 7 93 23
7 32 17 12 703 83 220
7 295 313 443
7 294 11 1 465
953 6 5229 221
2683 5 2736 11 5 201 675
836 24 143 19
318 2130 38 327 803 16 32 990 273
48 6280 23
548 783 19
275 221 7167
33 11 5 415 1163 115 124 118 19
32 21 24 1045 32 4
7 2563 1601
806 4425 700 4
7 14098 14690 1380 17
353 122
7 1295 9579 3534
443 21 537 3158
32 221
33 48 1045 443
10 8 268 12 3479 30 529 4560 4
641 17 923 866
355 9 164
974 12 10579 30 16000 1
8448 10063 273
974 12 10579 30 16000 1
7 295 313 443
953 6 5229 221
515 17 4
42 40 1060 6 1060 23 4
5 275 8 4318 19
33 11 74 356 1045 1 318 2130 351 10 4715 4
851 9 887
1675 9 2900
851 1330 4
10 240 39 3917 60 25 3081 12 257 55
1283 15 7617 8 1640
7752 4
318 2130 1938 5 318 4
33 11 5 67 115 14 183 124 161
465 1121 116 113 111 51 85 372 19
192 6 1711 165 55
8005 134 1 700
851 9 887
5 275 8 4318 19
7 2666 23 11 4716 4
851 9 887
5 275 8 4318 19
985 5508 267 2400 406 99
953 6 5229 221
5900 11 169 1181 7 366 94 631 273
7 72 225 5077 16 400 1759
275 221 7167
851 1330 4
7 294 11 1 465
8448 10063 273
7751 4123 776
465 1121 116 113 111 51 85 372 19
515 17 4
7 2563 1601
7 49 32 23 63 187 220
3412 20 5 952 34 1901 35 1937 16 13 33 19
318 2130 1938 5 318 4
953 6 5229 221
851 9 887
8447 5030 6 318 2130 351 10 4715 4
353 122
24 27 32 27 12 168 36 896 61 2285 56
24 7 93 23
24 550 567 5 325 6 14 349 10 404
1045 15 342 19
32 221
2401 9 89 84 270 54 95 1763
418 1045 177 38 5 7618 4
680 6096 1345 877
7 32 17 12 703 83 220
33 48 1045 443
528 247 4592
32 221
237 14 279 7 248 17 84 5 430 4
5 275 8 4318 19
33 11 5 415 1163 115 124 118 19
7 49 32 23 63 187 220
5 275 8 296 19
1034 5 342 23771 2021 102 16 1476 1759 19
8005 134 1 700
24 550 567 5 379 100 55
2401 9 89 84 270 54 95 1763
1675 9 2900
5 275 8 4318 19
7 1230 559 11 435 465 19
443 21 537 3158
7751 4123 776
7752 4
1074 678 72 221 30 132 777
7 706 221
14 183 116 59 3061 5 5829 5705
806 4425 700 4
2401 9 89 84 270 54 95 1763
7 32 17 12 703 83 220
32 21 24 1045 32 4
7 706 221
1444 16 5 2778
8448 10063 273
353 122
443 21 537 3158
7 5766 1601
7 2563 1601
3338 807 1 65 30 81 85 1 1
1 19
383 9 4280
1034 5 67 313 115 11 36 83
1675 9 2900
1045 909 5 708
7 2666 17 7167
24 18 93 11 7 221 21 24 18 48 11 40 232 4
1034 5 67 313 115 11 36 83
81 224 9 1779
581 11 5 4852 221 18 138 41 111 46 21 50 374
7 371 84 469 17
193 8006 273
13 8 313 19
147 1002 294 57 5 11193
7 3270 214 1013 1345 443
1045 15 342 19
32 221
48 23 57 7 269 11 48 99 4
7 32 17 12 703 83 220
7 717 16849 4
7 294 11 1 465
7 1295 9579 3534
418 1045 177 38 5 7618 4
985 5508 267 2400 406 99
5 715 585 21 77 47 26 253 10 867
7 706 221
201 1014 94 346 4
33 48 1045 443
7 1295 9579 3534
1283 15 7617 8 1640
131 406 11 7 294 19
275 221 7167
851 9 887
7 1295 9579 3534
193 8006 273
7 706 221
353 122
224 6 21 50 26 253 53 10
274 33 11 5 98 469 509 62 1144 3412
32 21 24 1045 32 4
81 85 11 7 32 189
318 2130 1938 5 318 4
680 6096 1345 877
7 14098 14690 1380 17
730 6 21 14 298 10
671 9 3818
7 3270 214 1013 1345 443
5 3269 3627 8 7 7499 25 200 3995 9 14691
7 2563 1601
5 3269 3627 8 7 7499 25 200 3995 9 14691
8447 5030 6 21806 1
1230 425 806 6 515 6 608 6 105 6 9 13575 3454
703 11 807
275 221 7167
1045 909 5 708
1544 143 199 62 1490 10853 150 8 33 11 5 3391 67 115
548 783 19
548 783 19
7 2666 23 11 4716 4
32 21 24 1045 32 4
81 85 11 7 32 189
7 2666 23 11 4716 4
7751 4123 776
275 221 7167
1675 9 2900
851 9 887
5 275 8 4318 19
974 12 10579 30 16000 1
24 7 93 23
7 32 17 12 703 83 220
32 221
5 275 8 296 19
730 6 21 14 298 10
7 5766 1601
7 3535
1045 15 342 19
548 783 19
2148 6 2148 4
1675 9 2900
20229 40 374 221 30 132 777
353 122
48 23 93 611
7 2666 23 11 4716 4
383 9 4280
120 13 25 1144 3412
836 24 143 19
8447 5030 6 21806 1
138 41 997 5 379 100 55
703 11 807
193 8006 273
32 221
671 9 3818
147 1002 294 57 5 11193
7 294 11 1 465
953 6 5229 221
318 2130 1938 5 318 4
2401 9 89 84 270 54 95 1763
7 1230 559 11 435 465 19
7 2563 1601
7 32 17 12 703 83 220
27 14 1897 256
5 275 8 296 19
4425 135 785 179 4
7 271 3535
7 32 17 12 703 83 220
528 247 4592
29 45 210 26 2009 5 1615 11 5 2238 6 105 6 9 13575 3454
7 706 221
706 221
4425 135 785 179 4
147 1002 294 57 5 11193
14 183 116 59 3061 5 5829 5705
7 294 11 1 465
353 122
14 47 26 101 10 4
201 1014 94 346 4
680 6096 1345 877
2401 9 89 84 270 54 95 1763
7751 4123 776
32 221
192 559 11 169 1181 465
8448 10063 273
443 21 537 3158
32 221
192 6 1711 165 55
7 294 11 1 465
7 14098 14690 1380 17
1074 678 72 11 1000 859 4
7 294 11 7 221
2148 6 2148 4
680 6096 1345 877
5 3269 3627 8 7 7499 25 200 3995 9 14691
14 47 26 101 10 4
63 118 6 21 49 2666 9 516 4
33 11 5 67 115 14 183 124 161
515 17 4
1283 15 7617 8 1640
7 371 84 469 17
953 6 5229 221
2148 6 2148 4
8005 134 1 700
193 8006 273
8448 10063 273
806 4425 700 4
63 118 6 21 49 2666 9 516 4
193 8006 273
515 17 4
7 679 120 19
7751 4123 776
224 6 21 187 10 4
13 8 313 19
48 23 93 611
7 2666 23 11 4716 4
515 17 4
7 2563 1601
5 275 8 296 19
671 9 3818
48 6280 23
5 275 8 4318 19
14 47 26 101 10 4
7 717 16849 4
7 1295 9579 3534
1045 15 342 19
5 3269 3627 8 7 7499 25 200 3995 9 14691
974 12 10579 30 16000 1
851 1330 4
7 271 3535
120 13 25 1144 3412
3412 20 5 952 34 1901 35 1937 16 13 33 19
275 221 7167
2148 6 2148 4
383 9 4280
465 1121 116 116 113 111 51 85 372 19
7 72 225 5077 16 400 1759
8447 5030 6 21806 1
7 295 313 443
7 32 17 12 703 83 220
2148 6 2148 4
5 275 221 7167
88 103 5 793 92 73 21807 62 5 5230 55
13 8 24 7 510 11 11523 19 35
703 11 807
33 11 5 415 1163 115 124 118 19
275 221 7167
24 7 93 23
81 85 11 7 32 189
342 23 11 5 269
7 2563 1601
414 8 16 5 828 11 5 14099
7 271 3535
13 8 313 19
7 1230 559 11 435 465 19
414 8 16 5 828 11 5 14099
671 9 3818
7 32 17 12 703 83 220
6281 2348 11 1669 9 221
7 3270 214 1013 1345 443
7 1295 9579 3534
1074 678 72 11 1000 859 4
5 3269 3627 8 7 7499 25 200 3995 9 14691
8448 10063 273
1045 15 342 19
147 1002 294 57 5 11193
32 17 12 703 83 220
13 8 24 7 510 11 11523 19 35
147 1002 294 57 5 11193
851 9 887
27 14 1897 256
7 49 32 23 63 187 220
353 122
7751 4123 776
14 47 26 101 10 4
5 715 585 21 77 47 26 253 10 867
5 275 8 296 19
1675 9 2900
224 6 21 50 26 253 53 10
32 221
414 8 16 5 828 11 5 14099
14 47 26 101 10 4
8447 5030 6 21806 1
7 271 3535
671 9 3818
81 85 11 7 32 189
730 6 21 14 298 10
24 550 567 5 325 6 14 349 10 4715 4
985 5508 267 2400 406 99
641 17 923 866
7 5766 1601
224 6 21 50 26 253 53 10
5 275 8 4318 19
88 103 5 793 92 73 21807 62 5 5230 55
10 240 39 3917 60 25 3081 12 257 55
680 6096 1345 877
1283 15 7617 8 1640
342 23 11 5 269
81 224 9 1779
355 9 164
7 706 221
7 679 120 19
4425 135 785 179 4
515 17 4
5900 11 807
515 17 4
7 5766 1601
418 1045 177 38 5 7618 4
680 6096 1345 877
131 406 11 7 294 19
2683 5 2736 11 5 201 675
7 679 120 19
1 19
806 4425 700 4
671 9 3818
7 14098 14690 1380 17
7 1295 9579 3534
275 221 7167
192 6 1711 165 55
515 17 4
7 3270 214 1013 1345 443
528 247 4592
14 183 116 59 3061 5 5829 5705
138 41 997 5 379 100 55
974 12 10579 30 16000 1
1675 9 2900
7 3270 214 1013 1345 443
7751 1045 177 38 5 7618 4
33 48 1045 443
7 4280
7751 4123 776
274 33 11 5 98 469 509 62 1144 3412
641 17 923 866
48 23 57 7 269 11 48 99 4
192 559 11 169 1181 465
24 18 93 11 7 221 21 24 18 48 11 40 232 4
7 32 17 12 703 83 220
8005 134 1 700
14 47 26 101 10 4
8005 134 1 700
1034 5 67 1345 877
8005 134 1 700
20229 40 374 221 30 132 777
1675 9 2900
974 12 10579 30 16000 1
7 706 221
7 717 16849 4
32 221
33 48 1045 443
730 6 21 14 298 10
48 23 93 611
7 294 11 1 465
581 11 5 4852 221 18 138 41 111 46 21 50 374
4593 6 4593 6 4593 6 4593 55 4
6281 2348 11 1669 9 221
13 8 313 19
1 19
48 23 93 611
7 706 221
953 6 5229 221
7 3270 214 1013 1345 443
1675 9 2900
5900 11 169 1181 7 366 94 631 273
7 2563 1601
548 783 19
147 1002 294 57 5 11193
48 23 57 7 269 11 48 99 4
120 13 25 1144 3412
1045 15 342 19
515 17 4
33 11 5 67 115 14 183 124 161
465 1121 116 113 111 51 85 372 19
985 5508 267 2400 406 99
1675 9 2900
32 21 24 1045 32 4
1283 15 7617 8 1640
680 6096 1345 877
7 3270 214 1013 1345 443
730 6 21 14 298 10
8005 134 1 700
7 72 225 5077 16 400 1759
1045 15 342 19
33 11 5 415 1163 115 124 118 19
237 14 279 7 248 17 84 5 430 4
13 8 313 19
7 2666 23 11 4716 4
40 443 503 11 2779 9 6371 4
138 41 997 5 379 100 55
703 11 807
418 32 4
7 717 16849 4
7 5766 1601
7 5766 1601
8447 5030 6 21806 1
5 275 8 296 19
131 406 11 7 294 19
120 13 25 1144 3412
7 2563 1601
7 32 17 12 703 83 220
318 2130 38 327 803 16 32 990 273
851 1330 4
7752 4
8447 5030 6 21806 1
193 8006 273
48 23 93 611
548 783 19
14 47 26 101 10 4
342 23 11 5 269
193 8006 273
14 183 116 59 3061 5 5829 5705
275 221 7167
48 6280 23
224 6 21 187 10 4
34 77 206 5 117 29 116 80 55 35
48 23 6 7 251 80 16 435 214 24 985 1045 15 67
81 23770 9 4942 12 39 164
1045 909 5 708
7 679 120 19
274 33 11 5 98 469 509 62 1144 3412
7 294 11 1 465
48 23 93 611
443 21 537 3158
355 9 164
34 77 206 5 117 29 116 80 55 35
2401 9 89 84 270 54 95 1763
6281 2348 11 1669 9 221
108 6030 11524 565 9 679 1429 273 11194 529 4560 54 37 4853
836 24 143 19
836 24 143 19
318 2130 1938 5 318 4
2401 9 89 84 270 54 95 1763
528 247 4592
953 6 5229 221
581 11 5 4852 221 18 138 41 111 46 21 50 374
10 240 39 3917 60 351 2401 6 21 1390 15 1 8 1736 4
2683 5 2736 11 5 201 675
671 9 3818
2148 6 2148 4
48 6280 23
7 706 221
7 32 17 12 703 83 220
1283 15 7617 8 1640
7752 4
81 23770 9 4942 12 39 164
8447 5030 6 21806 1
1444 16 5 2778
1045 909 5 708
318 2130 1938 5 318 4
548 783 19
1544 143 199 62 1490 10853 150 8 33 11 5 3391 67 115
63 118 6 21 49 2666 9 516 4
353 122
4593 6 4593 6 4593 6 4593 55 4
193 8006 273
7 295 313 443
353 122
48 23 93 611
851 9 887
7 706 221
548 783 19
355 9 887
318 2130 1938 5 318 4
7 14098 14690 1380 17
5 715 585 21 77 47 26 253 10 867
14 183 116 59 3061 5 5829 5705
24 27 32 27 12 168 36 896 61 2285 56
33 48 1045 443
318 2130 38 327 803 16 32 990 273
7 295 313 443
5 715 585 21 77 47 26 253 53 10
353 122
318 2130 1938 5 318 4
32 21 24 1045 32 4
581 11 5 4852 221 18 138 41 111 46 21 50 374
1444 16 5 2778
81 224 9 1779
13 8 24 7 510 11 11523 19 35
7 2563 1601
1283 15 7617 8 1640
851 9 887
192 6 1711 165 55
528 247 4592
274 33 11 5 98 469 509 62 1144 3412
836 24 143 19
14 183 116 59 3061 5 5829 5705
7 2563 1601
108 6030 11524 565 9 679 1429 273 11194 529 4560 54 37 4853
192 559 11 169 1181 465
671 9 3818
5 275 8 296 19
7 1295 9579 3534
13 8 4318 19
93 1086 62 5 117 18 1 229 10062 4
14 47 26 101 10 4
318 2130 1938 5 318 4
7751 4123 776
548 783 19
7752 4
48 23 93 611
7 14098 14690 1380 17
836 24 143 19
147 1002 294 57 5 11193
32 221
6281 2348 11 1669 9 221 221
7 295 313 443
353 122
418 1045 177 38 5 7618 4
5 3269 3627 8 5 2021 102 16 1476 1759 19
7 706 221
7752 4
8448 10063 273
192 559 11 169 1181 7 366 94 631 273
193 8006 273
974 12 10579 30 16000 1
104 1144 3412 351 7 93 139 6 29 127 29 206 16 1338
13 8 313 19
7 1230 559 11 435 465 19
353 122
14 20 137 802 55 1 1608 10 38 5 4986 1 19
192 6 1711 165 55
5 715 585 21 77 47 26 253 10 867
5 275 8 4318 19
48 23 371 84 985 1045 15 5900 11 36 83 220
806 4425 700 4
342 23 11 5 269
2563 1601
131 406 11 7 294 19
4593 6 4593 6 4593 6 4593 55 4
7 72 225 5077 16 400 1759
81 23770 9 4942 12 39 164
2683 5 2736 11 5 201 675
851 9 887
2148 6 2148 4
24 18 93 11 7 32 4
7 2666 23 11 4716 4
1045 15 342 19
5 5230 1586 8 15307 6 21 1390 15 1 23771 2021 102 16 1476 1759 19
2683 5 2736 11 5 201 675
355 9 164
120 13 25 1144 3412
851 9 887
1074 678 72 11 16000 1 19
40 1902 11 33 150 1144 3412
4593 6 4593 6 4593 6 4593 55 4
32 221
836 24 143 19
1045 909 5 708
418 1045 177 38 5 7618 4
275 221 7167
14 183 116 59 3061 5 5829 5705
318 2130 1938 5 318 4
27 14 1897 256
7 294 11 1 465
985 5508 267 2400 406 99
974 12 10579 30 16000 1
851 9 887
40 1902 11 33 150 1144 3412
836 24 143 19
1045 909 5 708 11 36 83
515 17 4
4425 135 785 179 4
383 9 4280
671 9 3818
6281 2348 11 1669 9 221
1074 678 72 11 1000 859 4
224 6 21 187 10 4
414 8 16 5 828 11 5 14099
7 679 120 19
49 456 1071 9 81 224 21 30 48 1316
274 7 72 11 5 269
2148 6 2148 4
32 221
192 6 1711 165 55
8005 134 1 700
7 49 49 32 33
8005 134 1 700
8448 10063 273
342 23 11 5 269
7 679 120 19
7751 4123 776
33 11 74 356 1045 1 318 2130 351 10 4715 4
7752 4
13 8 313 19
1045 15 342 19
3338 807 1 65 30 81 85 1 1
138 41 997 5 379 100 55
7 49 32 221
2401 9 89 84 270 54 95 1763
7752 4
13 8 313 19
7752 4
7 717 16849 4
806 4425 700 4
851 1330 4
1544 143 199 62 1490 10853 150 8 33 11 5 3391 67 115
13 8 313 19
7 1295 9579 3534
34 77 206 5 117 29 116 80 55 35
548 783 19
13 8 313 19
7 295 313 443
1283 15 7617 8 1640
1045 15 342 19
48 6280 23
224 6 21 50 26 253 53 10
7 1295 9579 3534
7 1295 9579 3534
7 1295 9579 3534
7 271 3535
528 247 4592
275 221 7167
63 118 6 21 49 2666 9 516 4
4425 135 785 179 4
7 1230 559 11 435 465 19
443 21 537 3158
81 23770 9 4942 12 39 164
32 21 24 1045 32 4
10 240 39 3917 60 25 3081 12 257 55
7 1295 9579 3534
730 6 21 14 298 10
671 9 3818
7 1295 9579 3534
7752 4
680 6096 1345 877
528 247 4592
193 8006 273
275 221 7167
7 1230 559 11 435 465 19
48 23 93 611
851 9 887
48 23 57 7 269 11 48 99 4
7 2666 23 11 4716 4
10 240 39 3917 60 25 3081 12 257 55
680 6096 1345 877
275 221 7167
7 294 11 1 465
192 6 1711 165 55
81 224 9 1779
953 6 5229 221
703 11 807
7 295 313 443
3412 20 5 952 34 1901 35 1937 16 13 33 19
13 8 313 19
528 247 4592
7 717 16849 4
7 271 3535
34 47 24 1648 12 76 11 1609 4
548 783 19
32 221
275 221 7167
32 1330 4
49 456 1071 9 81 224 21 30 48 1316
32 221
5 275 8 296 19
5900 11 169 1181 7 366 94 631 273
318 2130 1938 5 318 4
32 221
1283 15 7617 8 1640
14 183 116 80 16 435 214 24 985 1045 15 10
418 1045 177 38 5 7618 4
1034 5 67 313 115 11 36 83
14 47 26 101 10 4
851 9 887
4593 6 4593 6 4593 6 4593 55 4
7 2563 1601
48 23 57 7 269 11 48 99 4
24 18 93 11 7 221 21 24 18 48 11 40 232 4
93 1086 62 5 117 4593 55 4
32 221
7751 4123 776
581 11 5 4852 221 18 138 41 111 46 21 50 374
1 19
275 221 7167
33 11 5 415 1163 115 124 118 19
806 4425 700 4
7 3270 214 1013 1345 443
3338 807 1 65 30 81 85 1 1
34 77 206 5 117 29 116 80 55 35
1074 678 72 11 1000 859 4
5 3269 3627 8 7 7499 25 200 3995 9 14691
48 23 57 7 269 11 48 99 4
32 21 24 1045 32 4
237 14 279 7 248 17 84 5 430 4
836 24 143 19
671 9 3818
81 224 9 1779
237 14 279 7 248 17 84 5 430 4
985 1045 15 5900 11 169 1181 465
42 40 1060 6 1060 23 4
81 224 1330 4
81 224 9 1779
703 11 807
851 1330 4
7 706 221
120 13 25 1144 3412
33 11 5 415 1163 115 124 118 19
40 443 503 11 2779 9 6371 4
851 9 887
318 2130 1938 5 318 4
418 1045 177 38 5 7618 4
33 11 33 11 5 98 469 509 62 1144 3412
671 9 3818
851 1330 4
33 11 5 415 1163 115 124 118 19
29 45 210 26 2009 5 1615 11 5 2238 6 485
851 1330 4
8447 5030 6 21806 1
953 6 5229 221
7 32 17 12 703 83 220
42 40 1060 4425 700
7 679 120 19
48 23 717 16849 4
4425 135 785 179 4
353 122
5 3269 3627 8 7 7499 25 200 3995 9 14691
703 11 807
641 17 923 866
515 17 4
33 48 1045 443
81 85 11 7 32 189
13 8 24 7 510 11 11523 19 35
443 21 537 3158
680 6096 1345 877
7752 4
131 406 11 7 294 19
24 7 93 23
81 224 9 1779
985 1045 15 5900 11 169 1181
5 342 23 11 5 269
48 23 93 611
192 559 11 169 1181 221
5 715 585 21 77 47 26 253 10 867
851 1330 4
836 24 143 19
7 32 17 12 703 83 220
465 1121 116 113 111 51 85 372 19
671 9 3818
2148 6 2148 4
6281 2348 11 1669 9 221
383 9 4280
27 14 1897 256
355 9 164
7 3270 214 1013 1345 115 11 7 2446
7 5766 1601
7 294 11 5 4852 221 18 138 41 111 46 21 50 374
24 7 93 23
7 271 3535
353 122
806 4425 700 4
40 1902 11 33 150 1144 3412
5 275 8 4318 19
353 122
5 275 8 296 19
237 14 279 7 248 17 84 5 430 4
1444 16 5 2778
1045 15 342 19
730 6 21 14 298 10
7 14098 14690 1380 17
680 6096 1345 877
851 1330 4
703 11 807
342 23 11 5 269
414 8 16 5 2778
4425 135 785 179 4
8448 10063 273
33 11 5 67 115 14 183 124 161
7752 4
34 77 206 5 117 29 116 80 46 21 50 374
34 77 206 5 117 29 116 80 55 35
14 14 279 7 248 17 84 5 430 4
34 77 206 5 117 29 116 80 55 35
581 11 5 4852 221 18 138 41 111 46 21 50 374
8448 10063 273
122
3338 807 1 65 30 81 85 1 1
6281 2348 11 1669 9 221
201 1014 94 346 4
353 122
32 221
8005 134 1 700
42 40 1060 6 1060 23 4
7751 4123 776
1444 16 5 2778
33 11 5 415 1163 115 124 118 19
355 9 164
81 23770 9 4942 12 39 164
7 706 221
42 40 1060 6 1060 23 4
33 48 1045 443
4425 135 785 179 4
355 9 164
515 17 4
7752 4
1045 909 5 708
342 23 11 5 269
4593 8006 273
8447 5030 6 21806 1
48 23 6 7 251 80 16 435 214 24 985 1045 15 67
1034 5 67 313 115 11 36 83
353 122
836 24 143 19
7 32 17 12 703 83 220
193 8006 273
1675 9 2900
81 23770 9 4942 12 39 164
81 23770 9 4942 12 39 164
342 23 11 5 269
7 271 3535
548 783 19
48 23 93 611
193 8006 273
24 7 93 23
224 6 21 50 26 253 53 10
7752 4
24 27 32 27 12 168 36 896 61 2285 56
1444 16 5 2778
193 8006 273
953 6 5229 221
4593 6 4593 6 4593 6 4593 55 4
33 11 5 415 1163 115 124 118 19
7 371 84 469 17
4593 6 515 6 2148 4
7 5766 1601
318 2130 38 327 803 16 32 990 273
49 456 1071 9 81 224 21 30 48 1316
29 45 210 26 2009 5 1615 11 5 2238 6 485
1045 9 3412 8 177 30 7 2446
7751 4123 776
5 3269 3627 8 7 7499 25 200 3995 9 14691
40 1902 11 33 150 1144 3412
7 295 313 443
34 47 24 1648 12 76 11 1144 3412
3338 807 1 65 30 81 85 1 1
201 1014 94 346 4
192 6 1711 165 55
7752 4
93 1086 62 5 117 18 1 229 10062 4
1045 9 3412 8 177 30 7 2446
1 19
24 27 32 27 12 168 36 896 61 2285 56
353 122
274 33 11 5 98 469 509 62 1144 3412
851 1330 4
7 371 84 469 17
67 313 115 11 36 83
24 7 93 23
32 221
953 6 5229 221
2683 5 2736 11 5 201 675
953 6 5229 221
81 23770 9 4942 12 39 164
7 271 3535
24 550 567 5 325 6 14 349 10 509 62 1144 3412
1045 15 342 19
703 11 807
671 9 3818
131 406 11 7 294 19
974 12 10579 30 16000 1
7 72 225 5077 16 400 1759
13 8 313 19
1444 16 5 2778
48 23 93 611
201 1014 94 346 4
192 559 11 169 1181 465
2401 9 89 84 270 54 95 1763
27 14 1897 256
7 32 17 12 703 83 220
528 247 4592
7 2563 1601
32 221
680 6096 1345 877
3338 807 1 65 30 81 85 1 1
8005 134 1 700
14 183 116 59 3061 13 33 11 5 430 4
671 9 3818
33 48 1045 443
1444 16 5 2778
192 6 1711 165 55
13 8 313 19
8447 5030 6 21806 1
730 6 21 14 298 10
192 6 1711 165 55
680 6096 1345 877
7 5766 1601
24 27 32 27 12 168 36 896 61 2285 56
1074 678 72 11 1000 859 4
147 1002 294 57 5 11193
6281 2348 11 1669 9 221
1675 9 2900
2683 5 2736 11 5 201 675
33 48 1045 443
192 6 1711 165 55
192 6 1711 165 55
7 32 17 12 703 83 220
32 21 24 1045 32 4
20229 40 374 221 30 132 777
32 221
7 2563 1601
5 275 8 4318 19
32 221
32 221
48 23 93 611
131 406 11 7 294 19
7 32 17 12 703 83 220
27 14 1897 256
414 8 16 5 828 11 5 14099
7 32 17 12 703 83 220
974 12 10579 30 16000 1
353 122
192 6 1711 165 55
730 6 21 14 298 10
1675 9 2900
528 247 4592
131 406 11 7 294 19
641 923 866
14 183 116 59 3061 5 5829 5705
851 1330 4
1675 9 2900
7 706 221
193 8006 273
806 4425 700 4
548 783 19
224 6 21 187 10 4
2683 5 2736 11 5 201 675
7 49 32 23 63 187 10 867
81 23770 9 4942 12 39 164
13 8 24 7 510 11 11523 19 35
34 47 24 1648 12 76 11 1609 4
528 247 4592
974 12 10579 30 16000 1
81 224 9 1779
7 32 17 12 703 83 220
1230 425 806 6 515 6 608 6 105 6 9 13575 3454
147 1002 294 57 5 11193
1544 143 199 62 1490 10853 150 8 33 11 5 3391 67 631 273
1 19
192 559 11 169 1181 465
20229 40 374 221 30 132 777
4593 6 4593 6 4593 6 4593 55 4
8448 10063 273
5 3269 3627 8 7 7499 25 200 3995 9 14691
8005 134 1 700
7752 4
641 17 923 866
6281 2348 11 1669 9 221
443 21 537 3158
32 221
63 118 6 21 177 30 7 366 94 631 273
641 17 923 866
48 23 93 611
7 1230 559 11 435 465 19
7 706 221
42 40 1060 6 105 6 9 13575 3454
8005 134 1 700
5900 11 169 1181 7 366 94 631 273
7751 4123 776
548 783 19
7751 4123 776
548 783 19
418 1045 177 38 5 7618 4
974 7167
81 224 9 1779
33 11 5 342 23771 2021 102 16 1476 1759 19
7 32 17 12 703 83 220
703 11 807
138 41 997 5 379 100 55
1675 9 2900
7 294 11 1 465
806 4425 700 4
201 1014 94 346 4
104 1144 3412 351 7 93 139 6 29 127 29 206 16 1338
353 122
48 6280 23
7 5766 1601
342 23 11 5 269
581 11 5 4852 221 18 138 41 111 46 21 50 374
7 371 84 469 17
32 21 24 1045 32 4
14 20 137 802 55 1 1608 10 38 5 4986 1 19
302 5 5230 1586 8 15307 6 21 1390 15 1 8 1736 4
7 294 11 1 465
27 14 1897 256
7 14098 14690 1380 17
7 32 17 12 703 83 220
7751 4123 776
34 47 24 1648 12 76 11 1609 4
192 6 1711 165 55
48 23 93 611
851 9 887
953 6 5229 221
147 1002 294 57 5 11193
528 247 4592
7751 4123 776
1074 678 72 11 1000 859 4
353 122
1045 15 342 19
63 5030 6 21806 1
224 6 21 50 26 253 53 10
120 13 25 1144 3412
34 77 206 5 117 29 116 80 55 35
88 103 5 793 92 73 21807 62 5 5230 55
548 783 19
192 6 1711 165 55
2401 9 89 84 270 54 95 1763
48 6280 23
275 221 7167
7 271 3535
581 11 5 4852 221 18 138 41 111 46 21 50 374
20229 40 374 221 30 132 777
851 9 887
414 8 16 5 828 11 5 14099
1074 678 72 11 1000 859 4
7 72 225 5077 16 1338
7 2563 1601
3412 20 5 952 34 1901 35 1937 16 13 33 19
224 6 21 187 10 4
318 2130 1938 5 318 4
671 9 3818
32 21 24 1045 32 4
703 11 807
671 9 3818
7752 4
7751 4123 776
274 33 11 5 98 469 509 62 1144 3412
353 122
224 6 21 187 10 4
32 221
1444 16 5 2778
13 8 24 7 510 11 11523 19 35
2683 5 2736 11 5 201 675
318 2130 38 327 803 16 32 990 273
192 6 1711 165 55
13 8 313 19
7 717 16849 4
7 295 313 443
48 23 93 611
93 1086 62 5 117 18 1 229 10062 4
548 783 19
192 559 11 169 1181 465
2683 5 2736 11 5 201 675
318 2130 1938 5 318 4
224 6 21 187 10 4
48 6280 23
836 24 143 19
10 8 268 12 3479 30 529 4560 4
81 23770 9 4942 12 39 164
29 45 210 26 2009 5 318 4
7 1230 559 11 435 465 19
24 27 32 27 12 168 36 896 61 2285 56
7 717 16849 4
1444 16 5 2778
14 47 26 101 10 4
1045 9 3412 8 177 30 7 2446
14 20 137 802 55 1 1608 10 38 5 4986 1 19
10 8 268 12 3479 30 529 4560 4
33 48 1045 443
7 2666 23 11 4716 4
515 17 4
33 11 74 356 1045 1 318 2130 351 10 4715 4
48 23 93 611
40 443 503 1181 19
2401 9 89 84 270 54 95 1763
383 9 4280
7 706 221
414 8 16 5 828 11 5 14099
7 706 221
680 6096 1345 877
192 559 11 169 1181 465
671 9 3818
7 295 313 443
806 4425 700 4
418 1045 177 38 5 7618
851 1330 4
7 3270 214 1013 1345 443
680 6096 1345 877
27 14 1897 256
5 715 585 21 6 48 1316
33 11 74 356 1045 1 318 1736 4
1675 9 2900
48 6280 23
7 1295 9579 3534
10 8 268 12 3479 30 529 4560 4
20229 40 374 221 30 132 777
1045 909 5 793 92 73 21807 62 5 5230 55
32 21 24 1045 443
48 6280 23
48 23 93 611
1034 5 67 313 115 11 36 83
7 271 3535
671 9 3818
528 247 4592
383 9 4280
48 23 93 611
138 41 997 5 379 100 55
33 48 1045 443
7 32 17 12 703 83 220
274 33 150 1144 3412
8448 10063 273
24 7 93 23
443 21 537 3158
6281 2348 11 1669 9 221
353 122
6281 2348 11 169 1181 465
147 1002 294 57 5 11193
515 17 4
1045 9 3412 8 177 30 7 2446
224 6 21 187 10 4
81 224 9 1779
24 18 93 11 7 221 21 24 18 48 11 40 232 4
33 11 5 67 115 14 183 124 161
953 6 5229 221
29 45 210 26 2009 5 1615 11 5 2238 6 485
1045 15 342 19
88 103 5 793 92 73 21807 62 5 5230 55
7 1230 559 11 435 465 19
120 13 25 1144 3412
10 240 39 3917 60 25 3081 12 257 55
851 1330 4
48 23 6 7 251 80 16 435 214 24 985 1045 15 67
465 1121 116 113 111 51 85 372 19
193 8006 273
1444 16 5 2778
318 2130 38 327 803 16 32 10 867
7 295 313 443
32 221
7 706 221
7 32 17 12 703 83 220
671 9 3818
40 443 503 11 2779 9 6371 4
192 6 1711 165 55
953 6 5229 221
14 20 137 802 55 1 1608 10 38 5 4986 1 19
851 9 887
192 559 11 169 1181 465
24 27 32 27 12 168 36 896 61 2285 56
342 23 11 5 269
730 6 21 14 298 10
671 9 3818
383 9 4280
192 6 1711 165 55
14 20 137 802 55 1 1608 10 38 5 4986 851 9 887
131 406 11 7 294 19
8447 5030 6 21806 1
7 32 17 12 703 83 220
275 221 7167
418 1045 177 38 5 7618 4
3412 20 5 952 34 1901 35 1937 16 13 33 19
7 32 17 12 703 83 220
7 2563 1601
671 9 3818
33 11 5 67 115 14 183 124 161
528 247 4592
14 183 116 59 3061 5 5829 5705
4425 135 785 179 4
7 32 17 12 703 83 220
7 679 120 19
13 8 313 19
7 271 3535
318 2130 1938 5 318 4
548 783 19
671 9 3818
1544 143 199 62 1490 10853 150 8 33 11 5 3391 67 115
27 14 1897 256
7 706 221
671 9 3818
1045 9 3412 8 177 30 7 2446
465 1121 116 113 111 51 85 372 19
81 23770 9 4942 12 39 164
515 17 4
2683 5 2736 11 5 201 1014 94 346 4
33 11 5 415 1163 115 124 118 19
49 248 17 25 5 408 166 9 227 6 9 195 49 63 6
7 14098 14690 1380 17
671 9 3818
32 221
465 1121 116 113 111 51 85 372 19
418 1045 177 38 5 7618 4
836 24 143 19
7751 4123 776
120 13 25 1144 3412
48 23 93 611
29 45 210 26 2009 5 1615 11 5 2238 6 485
88 103 5 793 92 73 21807 62 5 5230 55
13 8 24 7 510 11 11523 19 35
353 122
34 77 206 5 117 29 116 80 55 35
32 21 24 1045 32 4
24 550 567 5 325 6 14 349 10 404
680 6096 1345 877
851 1330 4
851 9 887
81 224 9 1779
443 21 537 3158
671 9 3818
6281 2348 11 1669 9 221
81 85 11 7 32 189
985 5508 267 2400 406 99
1045 909 5 708
201 1014 94 346 4
7751 4123 776
13 8 313 19
7752 4
32 221
7 14098 14690 1380 17
27 14 1897 256
7 717 16849 4
7 1295 9579 3534
730 6 21 49 2666 9 516 4
383 9 4280
7 72 225 5077 16 400 1759
13 8 313 19
4593 6 4593 6 4593 6 4593 55 4
48 6280 23
7 3270 214 1013 1345 443
7 1295 9579 3534
7 271 3535
7 1295 9579 3534
138 41 997 5 379 100 55
48 23 57 7 269 11 7 269 11 48 99 4
953 6 5229 221
7 5766 1601
515 17 4
42 40 1060 23 4
93 1086 62 5 117 18 1 229 10062 4
7 679 120 19
40 443 503 11 2779 9 6371 4
985 5508 267 2400 406 99
48 23 6 7 251 80 16 435 214 24 985 1045 15 67
27 32 27 32 27 12 168 36 896 61 2285 56
443 21 537 3158
7752 4
7 271 3535
953 6 5229 221
192 6 1711 165 55
7 2563 1601
1283 15 7617 8 1640
7 3270 214 1013 1345 443
48 23 93 611
851 1330 4
3338 807 1 65 30 81 85 1 318 2130 351 81 85
528 247 4592
275 221 7167
7 706 221
443 21 537 3158
383 9 4280
8448 10063 273
32 221
7 3270 214 1013 273
836 24 143 19
14 20 137 802 55 1 1608 10 38 5 4986 1 19
836 24 143 19
20229 40 374 221 30 132 777
806 4425 700 4
7 32 17 12 703 83 220
13 8 313 19
414 8 16 5 828 11 5 14099
985 5508 267 2400 406 99
7 32 17 12 703 83 220
7 72 225 5077 16 400 1759
1230 425 806 6 515 6 608 6 105 6 9 13575 3454
5 3269 3627 8 7 7499 25 200 3995 9 14691
703 11 5 4852 221 18 138 41 111 46 21 50 374
383 9 4280
1045 909 5 708
318 2130 38 327 803 16 32 990 273
680 6096 1345 877
443 21 537 3158
7 5766 1601
548 783 19
7 32 17 12 703 83 220
85 11 7 294 19
671 9 3818
985 5508 267 2400 406 99
641 17 923 866
81 224 9 1779
193 8006 273
703 11 807
7 2666 23 11 4716 4
24 7 93 23
7 1295 9579 3534
7752 4
32 221
275 221 7167
3338 807 1 65 30 81 85 1 1
953 6 5229 221
418 1045 177 38 5 7618 4
81 23770 9 4942 12 39 164
7 2563 1601
1045 15 342 19
355 9 164
10 240 39 3917 60 25 3081 12 257 55
275 221 7167
81 85 11 7 32 189
7752 4
24 18 93 11 7 221 21 24 18 48 11 40 232 4
14 47 26 101 10 4
1283 15 7617 8 1640
48 23 93 611
81 23770 9 4942 12 39 164
985 5508 267 2400 406 99
14 20 137 802 55 1 1608 10 38 5 4986 1 19
33 11 5 415 1163 115 124 118 19
2401 9 89 84 270 54 95 1763
32 21 24 1045 32 4
414 8 16 5 828 11 5 14099
7 371 84 469 17
318 2130 1938 5 318 4
274 33 11 5 98 469 509 62 1144 3412
1675 9 2900
383 9 4280
32 221
953 6 2148 4
953 6 5229 221
14 183 116 59 3061 5 5829 5705
63 118 6 21 49 2666 9 516 4
6281 2348 11 1669 9 221
32 221
237 14 279 7 248 17 84 5 430 4
641 17 923 866
48 23 93 611
7 2563 1601
48 23 57 7 269 11 48 99 4
14 47 26 101 10 4
81 85 11 7 32 189
641 17 923 866
641 17 923 866
2148 6 2148 4
353 122
851 1330 4
32 221
806 4425 700 4
8448 10063 273
7 1295 9579 3534
7751 4123 776
1675 9 2900
342 23 11 5 269
851 1330 4
1034 5 67 313 115 11 36 83
237 14 279 7 248 17 84 5 430 4
4425 135 785 179 4
7 679 120 19
7 32 17 12 703 83 220
851 1330 4
120 13 25 200 3995 9 14691
1045 9 3412 8 177 30 7 2446
14 47 26 101 10 4
836 24 143 19
32 221
851 1330 4
13 8 24 7 510 11 11523 19 35
34 47 24 1648 12 76 11 1609 4
48 23 93 611
10 240 39 3917 60 25 3081 12 257 55
32 21 24 1045 32 4
7752 4
836 24 143 19
806 4425 700 4
6281 2348 11 1669 9 221
7 1230 559 11 435 465 19
1045 909 5 708
465 1121 116 113 111 51 85 372 19
671 9 3818
33 11 5 67 115 14 183 124 161
6281 2348 11 1669 9 221
7 32 17 12 703 83 220
7 2666 23 11 4716 4
985 1045 15 5900 11 169 1181
201 1014 94 346 4
8005 134 1 700
1544 143 199 62 1490 10853 150 8 33 11 5 3391 67 115
48 23 6 7 251 80 16 435 214 24 27 12 168 36 896 61 2285
353 122
465 1121 116 113 111 51 85 372 19
131 406 11 7 294 19
383 9 4280
32 20 5 952 34 1901 35 1937 16 13 33 19
32 221
7 294 11 1 465
32 221
515 17 4
48 23 6 23
851 9 887
8448 10063 273
806 4425 700 4
851 1330 4
8447 5030 6 21806 1
193 8006 273
14 183 116 59 3061 5 5829 5705
32 21 24 1045 32 4
985 5508 267 2400 406 99
671 9 3818
7752 4
192 559 11 169 1181 465
24 7 93 23
275 221 7167
33 11 5 415 1163 115 124 118 19
7 371 84 469 17
1444 16 5 2778
32 221
7 717 16849 4
24 7 93 23
275 221 7167
5 275 8 296 19
10 8 268 12 3479 30 7 2446
515 17 4
27 14 1897 256
5 715 585 21 77 47 26 253 10 867
1283 15 7617 8 1640
1 19
14 20 137 802 55 1 1608 10 38 5 4986 1 19
730 6 21 14 298 10
81 224 9 1779
49 456 1071 9 81 224 21 30 48 1316
81 85 11 7 32 189
138 41 997 5 379 100 55
275 221 7167
1034 5 67 313 115 11 36 83
33 48 1045 443
224 6 21 50 26 253 53 10
355 9 164
7 371 84 469 17
193 8006 273
353 122
2683 5 2736 11 5 201 675
1034 5 67 313 115 11 36 83
7 2666 23 11 4716 4
528 247 4592
7 5766 1601
17 923 866
237 14 279 7 248 17 84 5 430 4
302 5 5230 1586 8 15307 6 21 1390 15 1 8 1736 4
33 48 1045 443
7 271 3535
120 13 25 1144 3412
275 221 7167
7 706 221
443 21 537 3158
414 8 16 5 828 11 5 14099
985 5508 267 2400 406 99
13 8 313 19
318 2130 1938 5 318 4
342 23 11 5 269
1444 16 5 2778
465 1121 116 113 111 51 85 372 19
10 8 268 12 3479 30 529 4560 4
6281 2348 11 1669 9 221
353 122
7752 4
147 1002 294 57 5 11193
528 247 4592
465 1121 116 113 111 51 85 372 19
641 17 923 866
353 122
1444 16 5 2778
515 17 4
7 2563 1601
34 47 24 1648 12 76 11 1609 4
4593 6 4593 6 4593 6 4593 55 4
14 183 116 59 3061 5 5829 5705
836 24 143 19
32 221
515 17 4
6281 2348 11 169 1181 465
851 9 887
5900 11 169 1181 7 366 94 631 273
953 6 5229 221
131 406 11 7 294 221 19
193 8006 273
318 2130 1938 5 318 4
34 47 24 1648 12 76 11 1609 4
443 21 537 3158
7751 4123 776
8447 5030 6 21806 1
7 32 17 12 703 83 220
355 9 164
120 13 25 1144 3412
24 7 93 23
48 23 93 611
2683 5 2736 11 5 201 675
851 1330 4
671 9 3818
7 717 16849 4
131 406 11 7 294 19
7 294 11 1 465
32 221
14 47 26 101 10 4
1 19
465 1121 116 113 111 51 85 372 19
3338 807 1 65 30 81 85 1 1
7 717 16849 4
48 6280 23
8005 134 1 700
5900 11 169 1181 7 366 94 631 273
641 17 923 866
974 12 10579 30 16000 1
7 72 225 5077 16 400 1759
302 5 5230 1586 8 15307 6 21 1390 15 1 8 1736 4
2401 9 89 84 270 54 95 1763
7 14098 14690 1380 17
34 47 24 1648 12 76 11 1609 4
8448 10063 273
4593 6 4593 6 4593 6 4593 55 4
192 6 1711 165 55
5 3269 3627 8 7 7499 25 200 3995 9 14691
7 32 17 12 703 83 220
8005 134 1 700
7 1295 9579 3534
274 33 11 5 98 469 509 62 1144 3412
24 7 93 23
120 13 25 1144 3412
7 679 120 19
836 24 143 19
1283 15 7617 8 1640
201 1014 94 346 4
318 2130 1938 5 318 4
81 224 9 1779
48 6280 23
48 6280 23
515 17 4
120 13 25 1144 3412
33 11 5 342 23771 2021 102 16 1476 1759 19
275 221 7167
548 783 19
7752 4
1045 9 3412 8 177 30 7 2446
7752 4
671 9 3818
24 7 93 23
528 247 4592
138 41 997 5 379 100 55
7 294 11 1 465
7 294 11 1 465
27 14 1897 256
7 679 120 19
192 6 1711 165 55
2148 6 2148 4
81 85 11 7 32 189
81 85 11 7 32 189
383 9 4280
443 21 537 3158
342 23 11 5 269
806 4425 700 4
81 23770 9 4942 12 39 164
985 5508 267 2400 406 99
703 11 807
671 9 3818
1045 909 5 708
193 8006 273
32 21 24 1045 32 4
7 271 3535
3338 807 1 65 30 81 85 1 318 2130 351 10 4715 4
27 14 1897 256
383 9 4280
8448 10063 273
33 48 1045 443
851 1330 4
851 9 887
1675 9 2900
49 456 1071 9 81 224 21 30 48 1316
7 2666 23 11 4716 4
4425 135 785 179 4
32 221
48 23 6 7 251 80 16 435 214 24 985 1045 15 67 115 150 1144
7 1295 9579 3534
8447 5030 6 21806 1
7 14098 14690 1380 17
671 9 3818
1074 678 72 11 1000 859 4
1444 16 5 828 11 5 14099
6281 2348 11 1669 9 221
7752 4
7 32 17 12 703 83 220
353 122
93 1086 62 5 117 18 1 229 10062 4
680 6096 1345 877
34 47 24 1648 12 76 11 1609 4
1045 15 342 19
7752 4
414 8 16 5 828 11 5 14099
275 221 7167
851 1330 4
4593 6 5229 221
355 9 164
7751 4123 776
48 23 93 611
1 19
7 2563 1601
7 271 3535
2563 1601
1034 5 67 313 115 11 36 83
528 247 4592
1034 5 67 313 115 11 36 83
10 8 268 12 3479 30 529 4560 4
7 32 17 12 703 83 220
443 21 537 3158
7 3270 214 1013 273
836 24 143 19
29 45 210 26 2009 5 1615 11 5 2238 6 485
355 9 164
138 41 997 5 379 100 55
14 47 26 101 10 4
953 6 5229 221
680 6096 1345 877
7 2563 1601
48 23 6 7 251 80 16 435 214 24 1045 63 6
7 717 16849 4
237 14 279 7 93 23
24 27 32 27 12 168 36 896 61 2285 56
318 2130 1938 5 318 4
851 9 887
40 1902 11 33 150 1144 3412
2683 5 2736 11 5 201 675
27 14 1897 256
703 11 807
318 2130 1938 5 318 4
192 559 11 169 1181 465
318 2130 1938 5 318 4
8448 10063 273
7 1295 9579 3534
851 1330 4
548 783 19
7 706 221
274 33 11 5 98 469 509 62 1144 3412
730 6 21 14 298 10
730 6 21 14 298 10
2401 9 89 84 270 54 95 1763
806 4425 700 4
528 247 4592
7 371 84 469 17
32 21 24 1045 32 4
14 183 116 59 3061 5 5829 5705
2148 6 2148 4
33 11 74 356 1045 1 318 2130 351 10 4715 4
40 1902 11 33 150 1144 3412
32 221
5 3412 8 268 12 3479 30 529 4560 4
63 118 6 21 49 2666 9 516 4
355 9 164
443 21 537 3158
7 371 84 469 17
29 45 210 26 2009 5 1615 11 5 2238 6 21 1390 15 1 8 1736
353 122
7 271 3535
33 11 5 415 1163 115 124 118 19
8005 134 1 700
355 9 164
851 9 3412 8 177 30 7 2446
32 21 24 1045 32 4
548 783 19
1045 9 3412 8 177 30 7 2446
7 706 221
120 13 25 1144 3412
7 2666 23 11 4716 4
48 23 93 611
1230 425 806 6 515 6 608 6 105 6 9 195 49 63 6
985 5508 267 2400 406 99
318 2130 1938 5 318 4
33 48 1045 443
7 2563 1601
2148 6 2148 4
641 17 923 866
985 1045 15 5900 11 169 1181 9 6371 4
318 2130 1938 5 318 4
7 717 16849 4
32 221
4425 135 785 179 4
2683 5 2736 11 5 201 675
2148 6 2148 4
353 122
730 6 21 50 26 253 53 10
34 1002 294 11 1000 859 4
20229 40 374 221 30 132 777
7752 4
192 559 11 169 1181 465
355 9 164
1045 15 342 19
4593 6 4593 6 4593 6 4593 55 4
1 19
7 2563 1601
2683 5 2736 11 5 201 675
671 9 3818
1045 15 342 19
42 40 1060 6 1060 23 4
1283 15 7617 8 1640
81 23770 9 4942 12 39 164
201 1014 94 346 4
1675 9 2900
224 6 21 50 26 253 53 10
7 371 84 469 17
14 47 26 101 10 4
2148 6 2148 4
275 221 7167
383 9 4280
192 6 1711 165 55
13 8 313 19
32 221
302 5 5230 1586 8 15307 6 21 1390 15 1 8 1736 4
836 24 143 19
851 1330 4
81 23770 9 4942 12 39 164
7 3270 214 1013 1345 443
7 49 49 32 33
806 4425 700 4
1675 9 2900
1 8 16 7 32 189
680 6096 1345 877
3338 807 1 65 30 81 85 1
680 6096 1345 877
192 559 11 169 1181 465
104 1144 3412 351 7 93 139 6 29 127 29 206 16 1338
13 8 313 19
7 72 225 5077 16 400 1759
353 122
1045 909 5 708
8448 10063 273
7751 4123 776
24 550 567 5 325 6 515 6
318 2130 1938 5 318 4
528 247 4592
1544 143 199 62 1490 10853 150 8 33 11 11523 19 35
7 14098 14690 1380 17
48 6280 23
974 12 10579 30 16000 1
414 8 16 5 828 11 5 14099
33 48 1045 443
383 9 4280
147 1002 294 57 5 11193
318 2130 1938 5 318 4
1045 9 3412 8 177 30 7 7499 25 200 3995 9 14691
7 1295 9579 3534
8447 5030 6 21806 1
120 13 25 1144 3412
671 9 3818
680 6096 1345 877
192 559 11 169 1181 465
192 6 1711 165 55
806 4425 700 4
48 23 57 7 269 11 48 99 4
7752 4
355 9 164
20229 40 374 221 30 132 777
7752 4
5 275 8 4318 19
81 224 9 1779
201 1014 94 346 4
120 13 25 1144 3412
671 9 3818
528 247 4592
27 14 1897 256
383 9 4280
318 2130 1938 5 318 4
1 19
32 21 24 1045 32 4
515 17 4
40 1902 11 33 150 1144 3412
48 23 57 7 7499 25 200 3995 9 14691
548 783 19
1074 678 72 11 1000 859 4
224 6 21 50 26 253 53 10
24 18 93 11 7 221 21 24 18 48 11 169 1181
24 18 93 11 7 32 189
7 717 16849 4
7 706 221
7 5766 1601
3412 20 5 952 34 1901 35 1937 16 13 33
1444 16 5 2778
224 6 21 187 10 4
383 9 4280
7 295 313 443
88 103 5 793 92 73 21807 62 5 5230 55
24 27 32 27 12 168 36 896 61 2285 56
101 6 1711 165 55
7 295 313 443
14 20 137 802 55 1 1608 10 38 5 4986 1 19
24 27 32 27 12 168 36 896 61 2285 56
7751 4123 776
201 1014 94 346 4
7 717 16849 4
1074 678 72 11 1000 859 4
7 271 3535
953 6 5229 221
48 23 57 7 269 11 48 99 4
985 1045 15 5900 11 169 1181
63 118 6 21 49 2666 9 516 4
806 40 1060 6 1060 23 4
5900 11 169 1181 7 366 94 631 273
8448 10063 273
33 11 5 415 1163 115 124 118 19
2401 9 89 84 270 54 1763
192 6 1711 165 55
528 247 4592
1045 909 5 708
8005 134 1 700
7 295 313 443
383 9 4280
836 24 143 19
851 1330 4
33 48 1045 443
32 21 24 1045 32 4
7 679 120 19
29 45 210 26 2009 5 1615 11 5 2238 6 485
7 706 221
7 14098 14690 1380 17
5 275 8 4318 19
131 406 11 7 294 19
42 40 1060 6 1060 23 4
671 9 3818
641 17 923 866
81 224 9 1779
1675 9 2900
7752 4
8005 134 1 700
24 7 93 23
443 21 537 3158
1045 909 5 708
641 17 923 866
33 11 74 356 1045 1 318 2130 351 10 4715 4
318 2130 1938 5 318 4
147 1002 294 57 5 11193
1045 909 5 708
48 6280 23
5 275 8 296 19
131 406 11 7 32 189
4425 135 785 179 4
7 3270 214 1013 1345 443
81 224 9 1779
32 21 24 1045 32 4
6281 2348 11 1669 9 221
7 679 120 19
7 1295 9579 3534
1045 909 5 708
730 6 21 14 298 10
1675 9 2900
7751 4123 776
7 1230 559 11 435 465 221
32 221
985 5508 267 2400 406 99
275 221 7167
7 706 221
48 6280 23
7751 4123 776
7 2666 23 11 4716 4
32 21 24 1045 32 4
383 9 4280
42 40 1060 6 1060 23 4
1675 9 2900
20229 40 1060 6 1060 23 4
275 221 7167
7 32 17 12 703 83 220
342 23 11 5 269
355 9 164
355 9 164
88 103 5 793 92 73 21807 62 5 5230 55
224 6 21 187 10 4
7 32 17 12 703 83 220
108 6030 11524 565 9 679 1429 273
14 183 116 59 3061 5 5829 5705
353 122
49 456 1071 9 81 85 1 465
34 77 206 5 117 29 116 80 55 35
671 9 3818
104 1144 3412 351 7 93 139 6 29 127 29 206 16 5 828 11 1609
48 6280 23
836 24 143 19
24 18 93 11 7 221 21 24 18 48 11 40 232 4
40 1902 11 33 150 1144 3412
7752 4
1045 9 3412 8 177 38 5 7618 4
7 1295 9579 3534
8447 5030 6 21806 1
7 706 221
318 2130 1938 5 318 4
4593 6 4593 6 4593 6 4593 55 4
32 221
32 221
1283 15 7617 8 1640
193 8006 273
29 45 210 26 2009 5 1615 11 5 2238 6 485
671 9 3818
7 717 16849 4
2683 5 2736 11 5 201 675
342 23 11 5 269
7 679 120 19
7 295 313 443
32 21 24 1045 32 4
7 371 84 469 17
192 6 1711 165 55
29 45 210 26 2009 5 1615 11 5 2238 6 485
1544 143 199 62 1490 10853 150 8 33 11 5 3391 67
147 1002 294 57 5 11193
1045 15 342 19
193 8006 273
4593 6 4593 6 4593 6 4593 55 4
7 32 17 12 703 83 220
24 7 93 23
32 221
548 783 19
7 49 32 23 63 187 220
985 5508 267 2400 406 99
20229 40 374 221 30 132 777
1283 15 7617 8 1640
33 11 5 342 23771 2021 102 16 1476 1759 19
851 9 887
7 706 221
32 21 24 1045 32 4
985 5508 267 2400 406 99
14 183 116 59 3061 5 5829 5705
851 1330 4
120 13 25 1144 3412
4425 135 785 179 4
5 715 585 21 77 47 26 253 10 867
1045 9 3412 8 177 30 7 2446
7 271 3535
14 183 116 59 3061 5 5829 5705
27 14 1897 256
383 9 4280
383 9 4280
8448 10063 273
27 14 1897 256
680 6096 1345 443
1444 16 5 2778
192 6 1711 165 55
548 783 19
10 240 39 3917 60 25 3081 12 257 55
48 23 6 7 251 80 16 435 214 24 985 1045 15 67
974 12 10579 30 16000 1
806 4425 700 4
10 8 268 12 3479 30 529 4560 4
1675 9 2900
342 23 11 5 269
7 2563 1601
8448 10063 273
147 1002 294 57 7 32 189
7 3270 214 1013 1345 443
730 6 21 14 298 10
985 1045 15 5900 11 169 1181
5 275 8 296 19
6281 2348 11 1669 9 221
383 9 4280
7 679 120 19
7 1295 9579 3534
302 5 5230 1586 8 15307 6 21 1390 15 1 8 1736 4
32 221
7 5766 1601
2148 6 2148 4
5 715 585 21 77 47 26 253 10 867
353 122
1045 15 342 19
5 275 8 4318 19
836 24 143 19
42 40 1060 6 1060 23 4
33 11 5 67 115 14 183 124 161
147 1002 294 57 5 11193
7752 4
548 783 19
1444 16 5 2778
131 406 11 7 32 189
7 49 32 23 63 187 220
193 8006 273
131 406 11 7 294 19
192 559 11 169 1181 465
81 23770 9 4942 12 39 164
7 295 313 443
40 443 503 11 2779 9 84 5 430 4
1444 16 5 2778
1 19
7 295 313 443
7 271 3535
7 679 120 19
703 11 807
274 33 11 5 98 469 509 62 1144 3412
5900 11 169 1181 7 366 94 631 273
5 275 8 296 19
93 1086 62 5 117 18 1 229 10062 4
953 6 5229 221
14 47 26 101 10 4
806 4425 700 4
7 717 16849 4
7 49 32 23 63 187 220
40 1902 11 33 150 1144 3412
192 6 1711 165 55
275 221 7167
7 271 3535
671 9 3818
34 47 24 1648 12 76 11 1609 4
33 48 1045 443
7 1230 559 11 435 465 19
318 2130 38 327 803 16 32 990 273
1444 16 5 2778
353 122
81 224 9 1779
7 679 120 19
1444 16 5 2778
443 21 50 26 253 53 10
81 23770 9 4942 12 39 164
32 221
703 11 807
33 48 1045 443
353 122
671 9 3818
7 717 16849 4
7752 4
32 221
383 9 4280
5 275 8 4318 19
7 72 225 5077 16 400 1759
680 6096 1345 877
528 247 4592
48 23 57 7 269 11 48 99 4
515 17 4
851 1330 4
465 1121 116 113 111 51 85 372 19
703 11 807
528 247 4592
33 48 1045 443
13 8 313 19
7 706 221
383 9 4280
27 14 1897 256
836 24 143 19
703 11 807
641 17 923 866
1675 9 2900
93 1086 62 5 117 18 1 229 10062 4
147 1002 294 57 5 11193
24 27 32 27 12 168 36 896 61 2285 56
7 717 16849 4
671 9 3818
353 122
295 313 443
355 9 164
33 11 5 342 23771 2021 102 16 1476 1759 19
224 6 21 187 10 4
836 24 143 19
806 4425 700 4
8005 134 1 700
7 3270 214 1013 1345 443
353 122
1675 9 2900
342 23 11 5 269
1 19
7 5766 1601
7 1295 9579 3534
108 6030 11524 565 9 679 1429 273 11194 529 4560 54 37 4853
443 21 537 3158
383 9 4280
953 6 5229 221
1283 15 7617 8 1640
3338 1086 62 5 117 18 1 57 7 269 11 48 99 4
49 456 1071 9 81 224 21 30 48 1316
318 2130 1938 5 318 4
7 1230 559 11 435 465 19
192 559 11 169 1181 465
24 18 93 11 7 221 21 24 18 48 11 40 232 4
806 4425 700 4
1045 909 5 708
836 24 143 19
806 4425 700 4
224 6 21 187 10 4
7 32 17 12 703 83 220
32 221
81 224 9 1779
24 7 93 23
13 8 313 19
953 6 5229 221
7 679 120 19
6281 2348 11 1669 9 221
7 5766 1601
33 48 1045 443
49 248 17 25 5 408 166 9 227 6 9 195 49 63 6
5 275 8 4318 19
342 23 11 5 269
42 40 1060 6 1060 23 4
515 17 4
34 77 206 5 117 29 116 80 55 35
851 1330 4
33 11 74 356 1045 32 4
32 21 24 1045 32 4
33 11 5 415 1163 115 124 118 19
703 11 807
40 443 503 11 2779 9 6371 4
32 221
192 6 1711 165 55
1045 15 342 19
1045 15 342 19
7 706 221
528 247 4592
8448 10063 273
13 8 24 7 510 11 11523 16 5 828 11 5 14099
318 2130 38 327 803 16 32 990 273
7 2563 1601
5 275 8 4318 19
120 13 25 1144 3412
953 6 5229 221
33 11 74 356 1045 15 1 318 2130 351 10 4715 4
703 11 807
10 240 39 3917 60 25 3081 12 257 55
237 14 279 7 248 17 84 5 430 4
383 9 4280
48 23 93 611
7 271 3535
32 21 24 1045 32 4
730 6 21 14 298 10
302 5 5230 1586 8 15307 6 21 1390 15 1 8 1736 4
13 8 313 19
641 17 923 866
2401 9 89 84 270 54 95 1763
5229 221
8005 134 1 700
1675 9 2900
7 2666 23 11 4716 4
192 6 1711 165 55
1045 9 3412 8 177 30 7 2446
7 2563 1601
5 275 8 4318 19
8448 10063 273
7 294 11 40 232 4
1444 16 5 2778
14 47 26 101 10 4
414 8 16 5 828 11 5 14099
7752 4
7 271 3535
528 247 4592
3338 807 1 65 30 81 85 1 318 2130 351 10 4715 4
275 221 7167
237 14 279 7 248 17 84 5 201 675
1444 16 5 2778
2683 5 2736 11 33 150 1144 3412
985 5508 267 2400 406 99
7752 4
10 8 268 12 3479 30 529 4560 4
1074 678 72 11 1000 859 4
318 2130 38 327 803 16 32
1045 15 342 19
4425 135 785 179 4
806 4425 700 4
1230 425 806 6 515 6 608 6 105 6 9 13575 3454
138 41 997 5 379 100 55
7 717 16849 4
24 9 3818
7 32 17 12 703 83 220
7 3270 214 1013 1345 443
7 32 17 12 703 83 220
49 248 17 84 5 430 4
7 3270 214 1013 1345 443
48 6280 23
443 21 537 3158
7 271 3535
671 9 516 4
34 77 206 5 117 29 116 80 55 35
7 706 221
193 8006 273
1283 15 7617 8 1640
353 122
7 294 11 5 11193
14 183 116 59 3061 5 5829 5705
14 47 26 101 10 4
342 23 11 5 269
47 24 143 19
703 11 807
274 33 11 5 98 469 509 62 1144 3412
7 2563 1601
48 23 93 611
33 11 5 67 115 14 183 124 161
1230 425 806 6 515 6 608 6 105 6 9 13575 3454
14 20 137 802 55 1 1608 10 38 5 4986 1 19
5 275 8 4318 19
1034 5 67 313 115 11 36 83
33 11 74 356 1045 318 4
1444 16 5 2778
383 9 4280
81 224 9 1779
1675 9 2900
81 23770 9 4942 12 39 164
806 4425 700 4
7751 4123 776
1045 909 5 708
383 9 4280
355 9 164
383 9 4280
48 23 93 611
7 3270 214 1013 1345 443
7 271 3535
1045 909 5 708
985 1045 15 5900 11 169 1181
5 275 8 4318 19
730 6 21 14 298 10
7 1230 559 11 435 465 19
10 8 268 12 3479 30 529 4560 4
131 406 11 7 32 17 12 703 83 220
5 275 8 296 19
383 9 4280
8447 5030 6 21806 1
1283 15 7617 8 1640
7 2666 23 11 4716 4
7 295 313 443
353 122
108 6030 11524 565 9 679 1429 273 11194 529 4560 54 37 4853
48 23 57 7 221 21 24 18 48 11 40 232 4
81 85 11 7 32 189
1444 16 5 2778
34 47 24 1648 12 76 11 1609 4
851 9 887
48 23 93 611
7751 4123 776
63 118 6 21 49 2666 9 516 4
515 17 4
10 240 39 3917 60 25 3081 12 257 55
7752 4
120 13 25 1144 3412
8448 10063 273
275 221 7167
24 27 32 27 12 168 36 896 61 2285 56
5 275 8 4318 19
1675 9 2900
342 23 11 5 269
641 17 923 866
7 271 3535
342 23 11 5 269
48 23 93 611
7751 4123 776
7 679 120 19
953 6 5229 221
63 118 6 21 49 2666 9 516 4
641 17 923 866
8005 134 1 700
383 9 4280
2148 6 2148 4
7 27 32 27 12 168 36 896 61 2285 56
7752 4
641 17 923 866
48 23 93 611
48 23 93 611
24 27 32 27 12 60 25 200 3995 9 14691
24 27 32 27 12 168 36 896 61 2285 56
201 1014 94 346 4
131 406 11 7 32 17 12 703 83 220
29 45 210 26 2009 5 1615 11 5 2238 6 485
29 45 210 26 2009 5 1615 11 5 2238 6 485
7 2563 1601
14 47 26 101 10 4
7 294 11 1 465
1045 15 342 19
7 294 11 4716 4
24 7 93 23
49 456 1071 9 81 224 21 30 985 1045 15 67
383 9 4280
7 2563 1601
7 295 313 443
7 5766 1601
985 1045 15 5900 11 169 1181 7 366 94 631 273
7 271 3535
1045 909 5 708
1045 15 342 19
138 41 997 5 379 100 55
1 19
355 9 164
32 221
275 221 7167
5 715 585 21 77 47 26 253 10 867
32 21 24 1045 32 4
7 679 120 19
33 48 1045 443
4425 135 785 179 4
48 6280 23
851 9 887
275 221 7167
7 1295 9579 3534
88 103 5 793 92 73 21807 62 5 5230 55
515 17 4
48 6280 23
730 6 21 14 298 10
5 275 8 4318 19
24 550 567 5 325 6 14 349 10 404
224 6 21 50 26 253 53 10
32 221
147 1002 294 57 5 11193
48 23 93 611
7 295 313 443
32 221
8448 10063 273
4425 135 785 179 4
342 23 11 5 269
224 6 21 187 10 4
14 47 26 101 10 4
1230 425 806 6 515 6 608 6 105 6 9 13575 3454
5 3269 3627 8 7 7499 25 200 3995 9 14691
8448 10063 273
1675 9 2900
806 4425 700 4
7 2666 23 11 4716 4
7751 4123 776
7 295 313 443
641 17 923 866
548 783 19
528 247 4592
7 1230 559 11 435 465 19
6281 2348 11 1669 9 221
81 224 9 1779
7 717 16849 4
730 6 21 14 298 10
7 717 16849 4
4425 135 785 179 4
8447 5030 6 21806 1
641 17 923 866
81 224 9 1779
318 2130 1938 5 318 4
703 11 807
192 559 11 169 1181 465
318 2130 1938 5 4593 6 4593 55 4
383 9 4280
7 72 225 5077 16 400 1759
1045 15 342 19
515 17 4
1045 9 3412 8 177 30 7 2446
806 4425 700 4
131 406 11 7 294 19
353 122
5900 11 169 1181 7 366 94 631 273
3412 20 5 952 34 1901 35 1937 16 13 33 19
985 5508 267 2400 406 99
953 6 5229 221
4593 6 4593 6 4593 6 4593 55 4
302 5 5230 1586 8 15307 6 21 1390 15 5900 11 169 1181
237 14 279 7 248 17 84 5 430 4
671 9 3818
237 14 279 7 248 17 84 5 430 4
7751 4123 776
953 6 5229 221
4593 6 4593 6 4593 6 4593 55 4
985 5508 267 2400 406 99
7 271 3535
7 295 313 443
24 18 93 11 7 32 189
32 221
1444 16 5 2778
5 275 8 4318 19
355 9 164
33 11 5 415 1163 115 124 118 19
1230 425 806 6 515 6 608 6 105 6 1711 165 55
7 717 16849 4
34 47 24 1648 12 76 11 1609 4
8447 5030 6 21806 1
7 2666 23 11 4716 4
1045 9 3412 8 177 30 7 2446
5 275 8 296 19
33 11 5 67 115 14 183 124 161
806 4425 700 4
7 3270 214 1013 1345 443
7 294 11 5 269
274 33 11 5 98 469 509 62 1144 3412
8447 5030 6 21806 1
24 7 93 23
7 294 11 1 465
1045 909 5 708
680 6096 1345 877
88 103 5 793 92 73 21807 62 5 5230 55
671 9 3818
10 240 39 3917 60 25 3081 12 257 55
27 14 1897 256
193 8006 273
201 1014 94 346 4
48 6280 23
7 2563 1601
7 72 225 5077 16 400 1759
953 6 5229 221
836 24 143 19
32 221
32 21 24 1045 32 4
48 6280 23
1283 15 7617 8 1640
515 17 4
8447 5030 6 21806 1 19
193 8006 273
8005 134 1 700
40 1902 11 33 150 1144 3412
1544 143 199 62 1490 10853 150 8 33 11 5 3391 67 115
224 6 21 50 26 253 10 867
6281 2348 11 1669 9 221
7 3270 214 1013 1345 443
353 122
1045 909 5 708
7 706 221
1045 909 5 708
24 27 32 27 12 168 36 896 61 2285 56
27 14 1897 256
1074 678 72 11 1000 859 4
8005 134 1 700
528 247 4592
13 8 313 19
851 9 887
2683 5 2736 11 5 201 675
7 717 16849 4
7751 4123 776
528 247 4592
201 1014 94 346 4
671 9 3818
193 8006 273
974 12 10579 30 16000 1
7751 4123 776
104 1144 3412 351 10 4715 4
1283 15 7617 8 1640
515 17 4
7 1295 9579 3534
7 717 16849 4
548 783 19
318 2130 38 327 803 16 32 990 273
851 1330 4
33 11 5 342 23771 2021 102 16 1476 1759 19
8005 134 1 700
6281 2348 11 1669 9 221
974 12 10579 30 16000 1
14 47 26 101 10 4
953 6 5229 221
1230 425 806 6 515 6 608 6 105 6 9 13575 3454
836 24 143 19
355 9 164
1045 909 5 708
7 1230 559 11 435 465 19
27 14 1897 256
383 9 4280
33 48 1045 443
1045 9 3412 8 177 30 7 2446
29 210 26 2009 5 1615 11 5 2238 6 485
131 406 11 7 294 19
355 9 164
81 224 9 1779
120 13 25 1144 3412
7 295 313 443
192 559 11 169 1181 7 366 94 631 273
7751 4123 776
24 7 93 23
10 8 268 12 3479 30 529 4560 4
528 247 4592
985 1045 15 5900 11 169 356 1316
730 6 21 14 298 10
224 6 21 50 26 253 53 10
7 2563 1601
342 23 11 5 269
703 11 807
1283 15 7617 8 1640
120 13 25 1144 3412
32 221
5 275 3412 859 4
7 5766 1601
49 248 17 25 5 408 166 9 227 6 9 195 49 63 187 220
32 21 24 1045 32 4
851 1330 4
32 221
7 1295 9579 3534
24 27 32 27 12 168 36 896 61 2285 56
7 371 84 469 17
302 5 5230 1586 8 15307 6 21 1390 15 1045 15 67
443 21 537 3158
1 19
8447 5030 6 21806 1
192 6 1711 165 55 4
1675 9 2900
7752 4
7 294 11 1 465
548 783 19
7 679 120 19
355 9 164
34 47 24 1648 12 76 11 1609 4
81 85 11 7 32 189
88 103 5 793 92 73 21807 62 5 5230 55
7 49 32 23 63 187 220
24 550 567 5 269
7 271 3535
1045 15 342 19
7 1295 9579 3534
342 23 11 5 269
7 1295 9579 3534
318 2130 38 327 803 16 32 990 273
1 19
10 8 268 12 3479 30 529 4560 4
7 72 225 5077 16 400 1759
7 14098 14690 1380 17
528 247 4592
7 14098 14690 1380 17
3412 20 5 952 34 1901 35 1937 16 13 33 19
108 6030 11524 565 9 679 1429 273 11194 529 4560 54 37 4853
193 8006 273
418 1045 177 38 32 4
851 1330 4
13 8 313 19
7 706 221
24 7 93 23
5 275 8 4318 19
953 6 5229 221
8005 134 1 700
7 706 221
7 2666 23 11 4716 4
7 679 120 19
515 17 4
7 1295 9579 3534
120 13 25 1144 3412
7 717 16849 4
1034 5 67 313 115 11 36 83
515 17 4
1 19
4593 6 4593 6 4593 6 4593 55 4
1 19
10 240 39 3917 60 25 3081 12 257 55
193 8006 273
7 294 11 1 465
4593 6 4593 6 4593 6 4593 55 4
1444 16 5 2778
7 371 84 469 17
104 1144 3412 351 7 93 139 6 29 127 29 206 16 1338
10 8 268 12 3479 30 529 4560 4
14 183 116 59 3061 5 5829 5705
836 24 143 19
193 8006 273
32 221
836 24 143 19
27 14 1897 256
5900 11 169 1181 7 366 94 631 273
7 706 221
7 221
2683 5 2736 11 5 201 675
7 2666 23 11 4716 4
7 14098 14690 1380 17
104 1144 3412 351 7 93 139 6 29 127 29 206 16 1338
34 47 24 1648 12 76 11 1609 4
