1897 2778 5077 371 11 67
50 318 4123 9
22776 279 45 13575 273 19 221 4 4318 5 5 16
59 32 45 5766
3534 342 15 270 269
24340 23771 49
997 10
1648 559 32 111 4 11 124
220
1034 19 19 256 1938 124 253 2148 295
81 5 19 62 93 94
111 120 1 275 4 1144 4123 10579 5 19 2130 5229 16 5230
225 59 374 3412 138 29 62 55 5229 9 8
3818 4 4 4 807 5229
776 55 4 19 19 4
169 11 313 5 1601 56 4 55 4 2148
83 12 122 11 1
2666 55 5 179 221
4123 10063 985
6280 13575 1230 9 2021 3995 120 61 183
1345 19 19 7167 11 273 4 13575 83 4123 4
1897 57
102 2009 706 2563 5 30 4
700
351 103 72 11 985
19316 415 27 997 117 19 5 11 11 165 99 221 5229
30 224 21 5900 275
221 16 313 17 608
267 12 19 6 19 867 11 4 27 3818 4 35 2900
275 16 611 60 16 611 700 1779 4942
150 2563 9 221 23 5
3061 5508 39 6 273 67 199 443 4
143 807 19 19 9 9
366 20 1
351 85
581 8 887 537 98 559 537 15 62 201 29 923 11 16 9 11 92
5030 61 23 1 5829 3818
1601 269 16 19 143 256 65 4425 11
183
7618 67 8 9 23
2130 16 11 5 785
56 4942 11 27
15 2400 5077 48 49 1144 1013 1779 6 33 1338 700 4852 29 275 55 19
537 30 100
65 275 275 1779 4425 1 16 1144 214
1938 12 221
115 118 169 465 81 1648 11 19 279 124 5508 253 41
38 15 103 469 30 806 17 2148
1608 3270 406 807 271 806 997 1060 115 6 379 537 342
169 1938 14690
3917 94
23770 406 30 26 700 6 8
3412 997 55 92 23 46
37 3534 313 9 8 3534 30 12 224 12 55 11 165 5 9579 19 11
793 27 11 72 5 1045 120
5 23 11 63 21 9 9
302 465
859 6
7167 9 11 77 5 400 5 5 5
72 9 57 11 1045 1181 21 19
565 1
27 6096 19 1897
1345 1295 8 35 30 17 1
706 4715 10 5 631 84 26 6

21 37 2900 1230 4 21 224 30 19 11 1901 4 161
4853
15 122 9 8 221
199 4425 877 13
20092 2900 5229 14 1380
59 14

5 92 9
9579 706 38 1897 143 6
224 3534 55 72 55 1601 2666 4
5 48
83 1 5077 21 9579 33 200
271 4592 117 11
59 275 21 11 5229 32 5 166 1086 708 7 85
20573 318 143 4 9 11 38 93
295
55 19 16 5
5957
275 4 342 313
19 1615 55
9
974 32 273 24 19 559 13 11194
25129 10579
379 2563 14 2778
59 24 120 67 5 909 4 877 1
12525 680 9579 23 105 1345 55
98 3158 275 63 374
465 793 9 679 206 435 19 10579 122 271 24 177 8 16

346 4593 5 117
27 23
150 6
374 19 19 11
5900 271 7 295
5 2736
4852 4
1181 5 5 11 700 985 39 9
1295 49 4593 137 84 16849 12 48 1060 1330 4593 6 706 9 4123
275 24 2148 371 5 5 41 221 14690 224 225 2900 275 404 2900 1163 706
346 585 14690 13 177 48 877 4 465 19 700 40 1013 7499 16 169 39
851
177 271 256 679 16 1316
1640 225 465 313 435 65 29 9579 19 909 183 111 11
3128 11 62 40 11 9 221 374 5
7752 94 371 103 877 5900 342 2148 5 23 23770 11 7 183 15 5 8006
4280 17 2736 1648 29 30 2900
510 1711 221
23 117 11
93 271 5
113 12 11
5229 256 9 100 1380 54 351
4123 372 19 631 7618
7
38
13093 23771
5 12 273 435 3534 516 559 14 33 1897 4 55 40 273 221 974
47 8 16 443 5
355 100 11 124 3270
5229
730
923
84 4 515 5766
1144 611 356 221
5 351 6 55 4 465 7 1045 802 679 1601 273
19 11 346 55 3479 703
866 30 342 49
11 877 4716 206
221 11 859 1897 346
26188 24865 15
9 3535 84 7617 9 9 4 469 1 4 4942
456 210 342 3534 115
708 5 4560 4593 224
806 342 39
50 1086 7 179 150 227 5
703
295 11 6 21 118 909 1 232 30
101 997 16849
19991 17624 92 1669 379
22999 11 887 6 200
1669 224 221 465 11 4
14
55 14099 550

2563 1144
9791 30
214 17 4 537 11 374 16
1586 887 383 120 9 11 256 275 40 256 5
57 1601 30 4853 61 7167 6 13 89 6 5 465 3818 19
11 131 1711 12 5
1380 55 36 6 16 8 1711 72 4318 10853
117 1901 6
828 16 400 1609 3081 1938 13575 270
124 63 4 1938 8006 4 11

21806 1901 5 923 115 199 23 776 985
24 48 33
2736 5
1000 10 81 374 17 11 10 221 550 4 5
990 1060 1779
85
35 33
2779 406 6 887 72 29 48 19
23771 221 3412 39 11 36 1230 5 55 997 55 5 50
143 4123 3917 877 7167 785
35 1163 115 1330 550 24 4593 17 256 21806 19 16 40
115 51 6 225 4 8 51
374
26035 1121 5 50 1938 1330 1345
9 16 1490
4852 5 6096 406 14
56 115 20 5766 8 67 11 9579
346 5229 866 5 909
95 51 8 17 294
485 1711 3534
456 807 269 4 161 67
404 887 485 18 5 10063 510 465
206 379 227 271 273 21 4 923 9
435 13575 18 72 225 923 2900 1086 55
537 1000
72 29 366 21 9 1144 11 13 2900 5705
40 14 221 8 120 19 9 585
16 6 122 5
20553
6 1380 27 57 179 117 9 26 679 9 5
2900
127 585
40 13
469 225 5
18 103
5888 25796 41 5 9 2148 55
2021 807 4 6280 32 7 143 139 80 2400 776 4593 985 3061
5 6 5900 10063 415 183 909 21 703 4 220 1711
6 8 9 4715 7 1060 39
1938 456 700 200 4 313 29 19 611
14 294 17 19 35 221 19 33 19 3818 225
776 76
17209 6280 2130 1338 165 13 11 25 21 275 1181
5829 9 14099 1 19 16 1181 27
5 5229
23930 296 14099
19 221 465 11 192
101 7617 3412 45 16 9
1640 1014 2736 10 7167
189 18 99 4 30 15 41 4
8 2778 11 1648
1897
7752 256 35
1086 19 313 877 5 859 4 273 5229 13 256 5 2736 5 5 21
295 63 4593 5 5 11 19 32 465 9 11 2563 1711 2148 1 164
1 465 985 3412 19 6280 1330
14098 122 9 567 4593 48 9 122 8 55 10062 49 19
124
803 94 113 5 611
11524 6 14691
1897 5229 16 8 18 6 221 225 2009
45 11 13 49 5
8447 256 4 19 6096 1060 5 372 214 1144 62 3535 83 7
11 24 21 11193 55 9 240 2148 21 11 9 2148 32
5508 5705 221
183 3818
997 611
13178 268 3818 4 11 225
47 32 21807 247
2148 21 221
20307 567
465 13 3535 30 717
953 4 4 27 1060 18 4280 221 29 11 19 25 4 187 62 221 5705
256 83 2900 55 19
16 5 5077 5 803 19 34 30 6 2666 10 1609 17 6 1060 13 81
318 802 374 55 14 515 866 7 706 1601 89 72 4 5
379 4 565 62
485 165 26 33 2900 19 1144 221 117 19 4715 1
29
2130 11
4280 19 5766 273 19
61 19 7167
38 4593
201 32 3534 1045 5 807 35 225 313 5 11
59
5030 19 5 5
1000 115 5 221 2446 9 5 11
11808 1390
195 296 5 6 5 2148 3269 27 465 9 5508 4
32 5 1675 8
9 49 318 164 5 63
5508
224 89 33 55 19 1086 997 225 1779
122 275 10 24 6096
1345 11 10 93 19 74 11 1938 435 63 4942 9 6 5229 7 565 214
404 11 5 19 253 55
3338 54 11 5 12 72 706 11 3535
1086 7617 1711 115 5 4 5077 349 1938 41
27 408
1444 256
990 118 1897 221
161 118 585 5766
26 55
1144 35 19 9 4280
715
143 9 9 11 256 19 13575 49 7
29 11194
6676 11239 26
137 10063
268 4592 294 1000
383 11 567
631 11524 3627 80 4 3412
294 866 4852 5 9579
12288 783
374 2009 5 19 19 631
2666 23771 273 1938 56 5
485 16 5 10579 55 111
12 19
74 4592 11 189 4 9 19
5030 124
16619 7 49 5 16 5 13 4 120 150
3917 192
349 32 19 1 93 14691
20295 32 275 5 11 4 55 201 32 19 17 6
20124 63 8 67 11 14 11 16849 2148 4 985 14098 24 49 4593 5 10063
13287 10312 72 7
201 256 4715 318 12 21 313
515 366 400
85 41 35 94 49
164 49 4 19 4592
257 10853 135 4715
168 13
35 296 5 985 269 21806 24 12 7 30 40 1601 50 2148 30 4 807
1490 3627 18 11 5 5 49 3158 115 4 11524 256
452 73 161 11
225 5 2130 5
3917 84 5 40
49 1045 559 342 5
5 4715 18 8 2778 529
9 19
730 5230 678 997 16 11 294 47 63 5 550 14098 3081 5 164 27 985
700 30 9 1338

1380 11 5 11 4
270 3818 29 465 9 11 6 5230 537 38 169 183 32 30 877 32 2400
1897 3158
2130 74 1230 23 38 247 9 54
17 803 294 49 34
25744 1
47
1586 537 32 18 11 62
221 21 8 50 4 715 84
715 29
298 351 11523
1897 19 503 11
214 19 124 17 23
8316 225 8006 700 5 3818
19 143 1429 16 150 4
13 29 21 11 99 19 8 81
17 16 12 2736 4
21411 3480 887 5229 115 14 4 275 51 9579 1648 51 5 1045 9 3158
2305 13
8132 4942 1013 700 55 11
12 273 1 5 232 251
14098 49 1759 537 122 6 296 1648 2900
355 229
3995 72 11 19 1144 11
3269 23771 406 10062
117 89 374 24 169 515 48
1669 5077 1181 1338 9 55 2148 559 509 990 4 4 20 206
29 887 19 700 567 26 34 5 12 4 17 700 4 2238
15 275 232 268 13 6096 55 16 5
1071 435 1013 1897 19 224 7 221 27 313
679 30
137 11 8 11
42 6280 4 2130 3412 49 11
585 124 8 221 33 2285 30 5 4 1937 559

3412 5 177 117 1295 8 45
15 14691 24 1181 14098 256 19 1 985 30 503 1345 39 4 1045 24 11
257 2563 717 679 3535 24 313 94 11 19 5508 10063 372
7280 19 6096 896 313
550 8
346 3917 700
65 51
257 19

318 443 296 295 81 776
21806 777 150 1711
34 11 55 9 5829 5 49 5 1295 4425 55 11 909 27 1601 11 8
99 224 985 6 9 99 8 5 6 19 5229
256 11 785 7
2778 9 1711
1669 34 15 13 21 469 98 1163 567 16 19 503 435 6 9579 877
23205 49 138 807 16849 5 19 342 55 5 17 55 221 275
11571 229 11
16669 4425 1380 8 120 55 700 1144 14690
585 6 3081 717 294 120
275 26 275 23 5 4 19 161 1 21806 15
164 10 1 4592
678
98 16000 785 2736 1380
88 318 21 273 3412 27 3270 6
5829 45
49 703
1144 24 4 23 77 985 15 11
2736
2021 116 35 4123
38 11524 16 1736 17 1779 13 21807 515 4
803
1897 115 1013 5
5900 6 225 4 9 1060 9 10
15 62 221 14098 101 19 81
1338 21 1086 5 11
1316 221 24
168 229 700 1586 1045
516 13 1897 19 7 55 515 201 77 294
1675 783 1045 21 4 118 5 5
16342 611 169 229 24 11
269 256 909 11 11 802 16 14690
1181 14099 435 1338 54 5 1345 5
62 214 19 4 221 17 206 703 11 537 11 18
1897 836 5 11194 21 6 19 1045 247 24
56 7 179 6096 5 9579 25 1648 3818 1938 8 877 985
33
101 135 4942 6 9 985 9 1295 10
6 443
49 7 611
372 94 3269 700
296 11 1338 4280 21
356 515 32 115 2285 5 271 11 55 19 19 4 21 11 11194 13
1380 997 220 887 9
17 1648 93 16 5900 21806 118
859 510 120 17 11 16 19 74 15 6 16 189 515 887 115 166 296
9579
225 3535 16 19 80 89 25
4318 313 1476 2148 127 19 5 1045 4 19 253
165 9 5900 48
225 2021 19 48 923
1608
1675 118 12 371 7 7 19 49 27 859
10 55 1230
443 76 4
7809 2778 55 567 26 99
36 611 93 21806
1669 30 21 9
16413 567 248
248 1897 2130 611 48 4 6096 7
3412 268 11 30 717 9 5 34 909 631
5 7167 19 909 30 1711 611 23 7 4593
9960 465 19
887 7167 221 49 77 48
909 1045
11 611 1648 10 67
256 11 5030 17 703 866 5 23 5 2900 4 5 134
30 7618 161
214 9 5766 5 48 40 19 221 55 4 3535 9 256 866 164 2778 17
5 221 295 85 5229
18 8
33
730 887 17 46 443
83 14690 11523 11 17 11 55 4 127 19 9 9 7 11 3061 11 6
11 515 4425 5 11 35 443 1000
5 5 27 776 4 1897
443 5 5766 51
248 183 5 72
13425 169 11 1002
2446 16 3412 6 1759 225 7 19
2736
116 4942 9 30 116 5
9 318 1759 776 887 72 5
25 1230 189 195
11524 4942
1902 40 4 5 248 807 4 4
803 32 887 5229 23 122 17
11 11 5 1 4
2900 13575 1759 111 6 6 3627 1144 1230 351 17 3061 19
3534 3412
7 17 9 102 1897 21 210 4593 17 183 183 25 6
134 137 11 785 4 17 9 5508 21
15307 1045 11 6 1
1 40 13 221 515
2666 4 294 4 21 537 706 16
7167 2666 165 221 13 206
102 221 16 49 7 11 9 120
866 313 115 4280 11 120 4 10062 17 11524 985 997
65 8 7167 4593

7 5900 11
161 37 11 51
1002 19 4318 6 7618
187 2736
351 1779 206 18 9 469
4123 5705 4 9579 248 585 6 63 7499 2778 4 4425 19 183 4
3917 896
37 559 54
3269 887 221
346
700 27 275 55 19 909
313 11 10579 11 679
12366 268 516 81 92
11523 221 19 4852
1608 85 877 11 4 9 76 4
708 313 4 1902 47 11 294 7 5 783 1608 4 877 435 14690 6 1
251 225 39 1 3061 224 529 165 8006
73 143 3818
268 4853 9579 17 5
34 16 4 11 1345 11 19
9579 6 406

465 62 11 4 100 866
675 120 16 5 55 11 5 5 909 1295 465 23 515 5 318 1601 4

3535 118 36 24 5 4280 273 39 5 3818 164
13 3412 32
273 859 62 611 257
19 923 923 3535 81 2563 221 465 2736
1615
271 776 34
23644 13 199 356 21807 8
1938 11524 26 24 5 12
1 120 21 4560 1380 4 793
4593 30 11 296 10063
55 27 776 11
374 953 11 16849 4 48 6 32 4593 9 201 6 485 55 5229
3391 221 221 200
680 11 9
177 5766 6 29 24 4 5 807 16
21807 777 99 7 221 19 3995
1345 48
318 1230
4425 23 1
1902 6096 8 273 27 20 33 35 122
1295 1897
8 8 802 700
85 7 179 10 9
20540 60 40 803 1181 1586 6 116
1045 55 1586 23 4 1601
777 183
465 150 38 93 851 21 85
3818 700 16 785 48 101 12 38
6
169 1 3534 1295 19 318 4
94 120 57 161 221 372 11 11 62 20 1897 35 8
94 866 1711 11 275 11 127 161 50 32
220 137 1181 9
6281 1601 1330 9
3412 14690 4123 366 6 26 139 17 35 785 8 1060 1 3995
224 10062 23
13
8005 5 62 11 187 48
1601 515
18592 1675 14690
45 24 67 356 179 6 7618 221 11 16849 49 18 40 4280 11 19 21
61 1779 11 776 85 19 717
923 5 21 19 1 15 251 4
12381 270 2148 35 6 611 11 32 36
1144 143 32

4 5 990 5 5 9 5 4 16 8 4986 318
2470 11761 298 515 5 275
122 9
143 3535 47 63 11 120 17 6 5 25 26 53 7167 465 115 465 4
295 700
4716 776 3534 4715 101 115 23 12 55 11523 4 4
17238 135 1330 985 247 19 18
406
18870 15899 7499 11 14098 4 221 29 62
21 515 100 485 195 4 1013
17 9 229
1086 3917 2900
23880 3479 17 6 1060 11 4716 5766 5 485 11 1897 5 3158 49
952 559 1490
3270 1609 150 11 19 21 5 1736 13 11 19 548
37 5 11
379 294
67 33 165 1476 74 177
225 5 318 4592
7740 20 225
275 5 5 7 89 273 221 5
23831 240 49 7 5 1763
189 51 16849
10792 267 5 5 679
36 4 1711 11
273 5 40 19 267 11 19 40
4280 17 4 10063 11 313 18 24 21 3158 9579 33 503 10579 425 611 6280
116 5766
21806 18 11 509 1648 19 26 679 16 5 206 23 15 7167 776 10 50
165 16 14098 2900
1779 120 18 1711
275
271 67 19 1648
6566 62 19 3412 67 537 4
5 715 866 5 717
11193 5 8 585
678 134
26 23 9579 4280 456 1615

256 67 5 1711 5 247 5 3818 214 9 221 19 5 2900 5 2666 11
11 14691 161
169 30 21 35 95 21806 49 55 73
803 7751 59 143
10304 220 2021
896 5 10062 430 1608
1736
147 11 8
14 247 273 67 3818 220 9579 5 3917 16 54 4425 19 887 5 2148 30
4560 5 465 3061 4 34 11 7 952 100 5 19 8 4 19 435 4
240 81 6 5 111 7618 19 143 3818 1490 896 19 5 23 19 510 62
2148 952 26 40 19 1060 221 785
3535 828 3627 537 118 1490 17 3412 2563 887
2400 27 19 14 11 21 807 1283 143 435 221 4123 1045 40 57 19 565
271 270 122 49 19
65 11 11193 1144
4318 14690
8447 1330 2778
550 18 313
4716 896 32 49 5766 35 16
1476 10 49 9 1 9 99
1711 62 2736 3818 9 7167
8 6 17
567 19 379
313 325 3412 5 5 17 124 4
10 1902 4 275 29 48 11 6 1897
4318 3269 221 111 8 6
99 985
353 23 67 4 435 2130 16 120 16
3232 10513 22039 7618 1640 275
3627 165 785 221 10063 700 4 3534 318 6 5 469
120 221 1711 23 4 41
559 1045 4
1181 270 275 247 295 1295 62
183 6 40 120
36 32 318 5 4
253 1544 11 37
115 30

327 877 275
3269 5077 221 29
11 14098 55 1 10063
294 355 99 7 19 137 256 55 985 220
12 12 5 5
404 4 4 225
456 221 1295 21
183 4 19
371 783
1897 435 294 248 256 161 4 5 887 1429 2900 1380 5 77
256 700 12 1 224 183 11 10 221 2900 353 57 60 5 13 11 5508
11193 15 9 35
6371 2238 115
1779 169 2900 1897 11 4592 985 271 1429 11
143 17 703 6 19 8 866 19 80 313 36 700 102 3818 11 5
18476 7617 4 4
1295 1601 783 2148
2348 9 16 1013 9 16 1330 3535
253
3479 2400
15307 11 12 122 11
24 5 169 1060 45 92
372 19 84 3412 256 16 4592 221 6280 177
225 275 3534 16 30 5 271 5 20 1669 4592 11 1013 465 7 19 94
1897 118
20
21806 706 9 21 2446
2736 559 221 5 40
7618 5 529 866 10 318 990 177 706 16 567 1045 5 776 270 14098 11
1295 14 9 60
1181 1013 103 50 3535 19 404 4 19
7167 14098 3269 9 7167
256 253 83
80 221 23 4 229
703 19 40 611 5077 2900
7618 400 1181 1759 116 94 11 11 1938 10 807 49 2446 10063 6 179 1711
456 17
909 11 16000 2778
269 23 4593 224 21 4592 2779 11
5 294 5
10 1711 4 1669 29 267 164 4 11 1711 4
17414 65 1608 6096
8005 11 6 3534 3412 2736 135 952 10 1779 3818 221
53 134 1711 39 92 9 24 5
953 221 6280 371 1476
10989 8722 32 9
134 1 21 4 16849 11
807 17 2130
67 275
4716 537 83 120
12 224 8 537 4 122 4280 19 3391 55 4
7167 11524
313 11 8006
7751 1 2778 3818 3818 25
19402 4 11 201
32 14691 1045
135 3412
294 210 6 1897 1901 169
374 19 1669
2009 19 49
169 2400 559 49 17 267 77 1060 294 2778 1045 371 4 1060 9 469 49
1144 469 1 35 247
465 32 21 485 8 3818 4592 1759 55 703 11 708
16 9 7 700 275 717 5900
559
67 469
5229
1615 256 206 35
443 1380 35
6 435 4 1897 443 19
118 611 19 706 19 14098 48 256 5 4425 38 11 11 5 13 1316
256 11 1144 19 4 1938 267 150 15
1181 17 2446 404 5
16 200 3818 169 17
9977 1074 16 63
2009 275
17337 23770 39
19652 793 39 6 1163 10063 3158
105 132 16 8 5 5077 21
1060 165 5 5 9 11
113 585 187
5766 1071 56
25 3412 4 221
776 253
166 430 10 183 5230 400 11 23770
12349 1230
611 706
21806 39 55 150 10 11
275 21
47 537
2400 537
456 4 11 10063 469 25 273 730 19 776 2900 47
5766 35 24 1615 19 21 10 268 143 19 273 5 253 120 20 72 611
430 679 2563 49 27 4 4 10579 135 9 717 4
3558 313 199 5 135 273
6772 2130 5
279 3818 39 164 6 803 5 342 990 851 55 177 19 2563 139 135 14099
909 708 17 866
372 5766 295 1345 611 1759
4 2563 9579 179 11
528 8 35
59 77
122 5229 30 5 9579 3535 9
164 8 807 6280 67
404 21 81 1675 465 1711 3818
120 268 19 16 24 164 4 3412
5 224 124 703 115 177 706 2285 4 13 5 1144 247 139 189 16 214
631 11
503 19
271 896 5 19 164 62 16849 11 5
117 6 5 30 2736 2778 269
67 990 4 6 2148 1897 11 4592 267 6 550 313 19 19 8 11 1897
93 7167 5
408 9 1013 4318
7167 150 3479 11
346
1440 5900 33 49 783

23 4318 1163 21 11 5 1648 19 11 273 435 923 179 150 36 5 72
1060 214 5 5 353 50 3270 100 199 55 5 21 11 6 379
415 2778 17 887 4123 32 611 537 9
115 10 275 7 256 6280 1779
4425 19
19 55 1648 9 2666 4 9 5229 11 9 12 27 2400 11 537 8006 5
1444 443 3479 32 39
49 3535 4592 19 11 6 5
21 4280 60 5 17 706 2900 30 221 19
46 16 20 9 11 13 1
1 443 11 2130 1338 9 19 19
220 5 2021 1 5 77 111 21 1060 3535 3535 267 221 221 12 11 19
974 116 611 6 221 138 256 221 32 11523 3818 63 7 785
11 23 50 11 73
990 4942 313 443 6 1045 23 706
11524 294 19
187 11 3412 7 465 11 10 161 443
1669 10 168 1045 55 4593 3535 5 7 783 515
4
2348 11 5 33 21 105 16
529 6 49
105 267 267 8006 225 1316 5 5 166 1669 5766 21 3479 9579 40 19 1601
1181 2400 30 33
16 102 1938 19 2666 12 21807 7 2021 38
1002 85 1230 63 67 4 867 12 19 139 9579 2736 5 9
10 143 611
5 887 11193 877 529 113 1045
65 4 5 63
189
877 11 48
6347 1902 2563 11194 2900 503 11 7167 105 19 17 55 1 9 161 30 2348
985 7499 9 21 9579
143 29 5230 111 49 5766 1181
221 19 1230 3535 415
679 21 356
54 703 11 5 611 1759 3454 65 23 3158 5229 11 777 224 19 2148 4
425 7617 19 5 985 2130 101
565 7617 465 1615 327
581 1938 1014 84 2400 679 9 807 4853
14
256 1071 1669 19 99 20
116 5 84
425 32
57 443 1 24 120 17 221 776 33
93 9 1295 706 72 4425 372 94 55 9 700 4318 4 101 55 3061 296
41 585 221
346 127 150 11 866
3061 923
72 1071 135 17 5030
509 3818
1601 2900 4 9 14 134 18 247
8006 12 6096 225 9 21 11 168 1144
67 21 117 166
8
529 220 9579 11 4 19 783 4
465 49 7617 9
150 268 275 887 1 143 29 273 23 5508 5 4 199 229 221 372
115
529 116 55 221
1330 1071 10579 1045 6 49 29
122 275 19 9 6 776 224
5766 465 679 17
4 313
1316 5030 19
127 77 33 120 17 19
5508 27
11 7167 1338 115 51
11 1601 887
351 183 138 13575 12 256
220 19
631 296 5829 195 200 9 273 342 1
1806 14597 1476 221 776 72
679 807 537 256 680 49 221 11194 4942 9
164 62 267 19 15 9 23 9579 3535 4
39 1045 134 1 120 4592
132 19 8 16 32 221 6 14098 26 469 4
10579 700 25 802 565 19 8006 4 85
708 14098 3818 2148 4 256 15 256 30 1711 1144 1045 13 247
16 67 2009
8448 49 3081 23 5508 7 342 38 1586
164 65
12731 1330 6096 17 11 11 19
5900 279 5 3479 608
12 4592 443
6096 5 1 703
1759 1938 122
2563 99 23 5 679 567 3479 23 273 21
93 3534
275 143 1283 5
1392 5829 59 48 11 55 5229
12 783 6 706 49 4 5 1938 1181 10
715 34 11 40 9 5229 1045
23
3535 877 1669 67 116 221 19 4
5705 465 5 5 5 49 5 19
1476 355 179 6 72 559
8621 267 6281 1071 5 11 6 776 9 33 21807
777
21 11 100 187 3535 7618 19
374 15 313
80 73 30 2446 29 9
19344 11523
20963 7 997 406 74
4560 14098 3818 19 26 4
1071 4716 318
18166 57 2900 1295 9
3917 4 257 3061 9 95 49 47
7618 10 6096 8 443 4 256
138 7617 1086 1669
851 1230 23771 6280 16 124 72 9
990 1648 313 15 785 9
270 94
6371 2148 5229 2736 5
39 122 34
5 19 295 19 49 256 295 802 4853
164 76 2130 7167 19
366 5 5 952
680 6096 465 48 19
1002 224 4593 12 807 567 161 10 4852 5 224 17 35 11523 21
1163 1013 11 4 116 13 5 435 6 997 32 150 678 16 275 122
9 2400 11 115 806 138 4560 48 2446 30 11 60 1002 8 1779 1897 5
2900 3270 1086 17 4 435 99
22437 24 2779 19 55 9 4 74 559 1
1013 11 105 985
19 65
143
269
372 80 5229 221 430 325 11 139 11 923 253 11 17
18
32
15748 4123 19
516 225 11 4593 11 275 5 111 5 206 16
2563 4
700 6 6
183 877 39 5 294 19 164 465 81 33
9579
124 1615 443 267 11 5 15 7 30
225 8 137 48 4 1181 19
177
13354 105 1897 195 16849
168 5 214 253 828 4593 5 83 703
7617 3158 708 94
381 485 93 9579 271 134 24 6 3479 3534
48 19 887 435 224 313 19 4 165
113 134 8 49 16 275
117 8 2778 1316
14098 4 1759 11 55 10
275 35 465 349 4592 105 221 5077 84 23 877 55 30 55 4 9 21
22947 24417 232 16849 220 268 5 404 867
7 6
19369 57 9 2736 221 5 374 49 15 65 49 5 5900 11 49
240 5 166 9 435 14690
275 49
124 17 9 6 2900 8 8 565 5508 49 271
1000 7 116 5
1897 298 11
5900 807
4716 11194 703
2779 6096 1 5 611 9
273 2130 5 16 783 5077 25 807 253
5900 6 11
49 48 6
23 11
1 248 40 7 12
5 122 1897 19 224 2021 11 38 11 2130 15
24428 16065 5
1295
72 3158 806 7
85 952 2563 567 11 14690 877 5 19
8 47 807 565 227 6280 11 26 48 19 4 21806 313 516 99 4280 9579
30 443 23 4 5077 21 703 32 67 95 2563 122
116 49 785 115 342 294 9 32 2148 485 116 1
351 1230 3158 7 24 5 1586 24
4 5229
24 430 49 1779 10 17 33 139 3412
1181 353 256
550 11524 10 29 23
49 5230 94
5766 887 9579 19 1938 221 11 327 80 19 877 318 224 12 84 118 11
379 537 17 1345
6030 6 18 5 1736 177 9 509 65 866 5 985 27 8
4318 700 1045
8
50 9

1640 39 1429 19 4 16
1295 21
27 6 9 430 5 565 8 4 5077 143
374 17 77
111 1711 49
11088 7618 5077 6 1181 39
273 72 374 923
1000 371 2400 1 4 313
585 6 183 313
137 11 19 9 23 150 14690
4770 179 4318 3412
55 5900 268 4 11
8005 269 19 19
98 9 32 81 9 11 19 465 2148 430 7 253 221 295 21 4 485
10509 269 56 214 38 1 224 16849
17 48 16 7 33 866 4 8 5 4592
443 11 19 923 8 16 49 909
2779 5 253 443 803
105 828 73 55 39 887
785
84 5766 313 84 5
1000 3535 33
2736 5 19 1045 10
680 371 27
32 19 29 550 2778 366 210 4425
18 11 19 415 342 1648 7617 11 19 4425 11 116
406
13 19
24 785 199 32
30 193
63 21 5 537 221
1669 9 2021 6 3391 23
807 23 866 2130 3081 49 1476 62 21 95 30 7167 2148
611 93 1345
503 1086 9 515 11 221
5829 877 16 2900 4
23 7167 3061 17 67 37 221 1013 49 5829 138 19
220 1013 1316
3158 10063 7167 55 4 6 2130 16 19 1669 5 9 2148 39
30 9 7 16 565 3061 1060 1669 17
45 6 101 465 19 77
40 99 150 318 1938 5
49 469 9 700 909 19 13 1230 30 11
1295 807 189 1
20 183 23 5 15
806 111
1338 24
135 10579 9 5766 1071 150 80 16 19 267
425 17 896 1045
7617 5 55
7617 21 9 11 1711 6
680 465 24 72 221 11 5900 30 14690 11
8005 9 124 9
30 3818
177 99 887 10 11 2238
74 6280 9579 17 62
11863
113 13 94 807 11 33 16849 4 30 179 1759 1601 19 221 72 1390
10579 5077 3818 21 161 2900 2666 1144 19 19 7 2238 8 6 19 8
715 6 10 703 6 18
2900 11
342 923 221 35
1938 3818 4280
267 2666 404 5900
40 10 5 4593
53 4123 6 1759
1181 2348 221 859 3412
14098
537 10 116 342 80 30 529 9 9 275 3818 1000 16
469 510 189 30
2400 30 5 11 17 5 16849 14098 111 3535 55 221 2666 356 17
94 19 5 6096 11 8 221 100 4592 247 6 35 50 608
4593 183 2900 4942 9 1295 16 13 1429 1045 8 1 346 807 6 3412 9
4280
16 55 4 6 793 9 10063 257 435 19 342 342 296 1181 273
21806 997
229 1071
25 10063 785 32 4 62 776 785 3627 5 1 5 5 19
5 1601 5 5 4 116 1763 134 1060 4853 99 9 2779 183 7 793 294
275 269 2779 30
268 10579 251 1045 2900
165 94 11 8006 2400 32 9 703 19 3818 14 1601 7167 9
469 10 5 247 415
225 19
247 730 11 221 5 161
10
6 415 17 19 1345 99 101 9 19
7167 19 14690 4 5 16000 836 34 4593
296
776 46 11 11 16849 14 435 7167 32 8 72 179 41 55 802 2021 807
268
55 4 1444 19 268 7167
1295 101 13
89 5 247 19
1338 11193 220 1490 19 443 802
101 4 8 5
1711 6 11 11
23856 404 81 6371 9
12 1163 706 16 802 5 124 1121 3081 17 406 1938 10
179 267 4 2563 224 2148 267 4425 16 4 29 118 10 62 19 1181
19 313 5 6 5 4 179 374 4 161 273 294
268 404 4 585 708
990 4425 101 4 33 887
4593 192 1648 4 11194 406 8
802 14098
18 456 503 94 703
8 3917 469
867 1144 346 21 4593
20200 295 2683

1163 700 353 55 6 210 95 9
39 1601 275 220 256
1013
5508 30 1759
89
776 3535 537 83 11523 11 2400
296 469 9579 40 4425 99 3454 49 12 7167 1000 10 1586 74 4 2563 12
143 16 45
93 5

2021 374 2148
1000 5229 706 1390
19579 1609 9 53
678 131 1897 55 706 9 318 985 1 275 327 5 273 143 9579
134 1601 5 4 2778 708 19 94 32 679 8
15192 25136 24185 2148 164
7167 54
72 346 2900 19 5766 11 117
221
1000 318 13575 1897 4716 48 700 6 2400 298 1000
19670 5623 22481 11165 11238 6278 18812 16620 5892 16539 7315 5547 3248 6429 8752 13781 11204
229 807 256 7499 2238
33 7 143
200 5 783 39
537 11194 1711 135 224
195
313 4 21 371 7 3818 195 1045 65 169 515 1380 24
1121 99
25697 279 567 2666 1002 5766 275
10728 1 342 5766 6 7618
2148 11 4592
11524 11 11 224
1779 2900 99 24 4592 94 2900 57 700 9 19 29 16 269 21806
17 1045 19
102 270 5 19 65 2009 5 221
11524 19 49 8 4318 887 443 98 3627 836 11 256 11 5900 1669 4
183 3818 93 221 5
17 100
4716
81 59 6280 224 21 8 4593 706 55
5 11524 30 40 3535 11 102 6 3412 1144 3412 1121 16 313 100 19
232 11 9 9 16 923
240 2148 10
456 49 2400 3061 19
997 1060
11051 200 1295 9 98 193 325 120 183 120 19 100 5 11
3412 21 30 23 177 7167 1144 19 48 16 559 5 4716 93 703 342
16 168 2778 17 4 220
371 221 21 24 5
5900 10579 55 313 9579
4593 2400 700 2021 19 294
1901 273 1295 2400 55 7499 5 5508 19
313 565 469 12 567 201 27 115 877
179 516 5 5
11 11 6 313 40 67 19 952 4
425 4318 49
17 1345 12 34 1000 4
1000 7167
851 783 5 6 16 9 1 700 19 7 206
51 55 1002
3774 41 2285
8014 952 567 11193 5 225 195
443
94 8005
3535 4716 35
49 700 406 73 294 51 679 2666
990 7 313 802 1759 4 19 9 24 1181
19939 3995 1711 62 1181
7167 102
2238 678 10579
11 13 7167
559 828 5 275 11 9 706 199 27 11 273 55
7167 13 425 443 537 269 9 19
9 1476
8 2778 27 5229 435 55 14691 120 48
1544 275 2736 16 4560 4 117 1013
81 465 1648 8
2129 807 23770 5 6 11 8 9 10579 115 793 730 15 232 1
22144 3391 47 273 4
7617 5 23 34 48 19 105 21 94 5
19 785 67 33
48 268 4 19 21 4593
210
5229 7 21 2778 9 1609 46 11 313 23 5229 379 117 80 9 17 4
273 510 19
3158 221 10579 76 35 49 27 94 6 35 4 7617 124 271 221 1476
877 585
896 25 134 19 785 4 20 776 2009 221
34 1897 11 17
295 16 19 17
275 5829 3535
5
1013 224 5 887 5229 14
3270 143 11 1 225 10063 7167 6
877 1675 81 294
1181 11 867 8
33 38
150 221 24 11 11
23770 53 3818 3479 11 19 4
220 717 4 84 30 16849
29 2148 7 5 103 4
567 11 19 122 295 36 5 95

4560 61 115
425 177 5 469 3270 1144 611 19 62 11 4 10 7167
50 179 503 793 9579 124
18517 4425 127 21
349 12 19 30 5 342 4 21806 38 74 1601
32 11 26 24 11 221 99 32 30
3818 2148 16 5
124 55 111
275 1615
7167 5 2666 4 1380 275 17 4 124 36 19

177 15 19
349 143 26 30 221 3917 20 11 18 67 9
708 13575 10063 8 4
11 4592 8
8 313 187 187
909
776 1163
161 2736 76 346 4592 8 57 101 16
515 4 5 33 8448 1736 55 161 99 38 169 9 8006 81
23601 13975 11 559 37 124 9 21806 84 346 9 7 9 60 10579
1 6 18 16 3995 296 6 99
22796 25 21806 50
206 4592 567 199 318 6280 1163 9 5 776 3535 4
353 2446
192 10063 20 77 1181 2148 55 16 5
7 30
92 5030 59
221 118 17 11 115 12 12 54 30 9 1759 84 5 5 4 4 111
72 1380 210 165 5 4425 10063 923 48
3818 9 6
220 99 342 6 169 7 30 269
7167 1 183 6 9 5 94 11 62
169 353 17
611 1476 21 33 4
379 3270 896
7618 275 60 32
26 8005 8 21 94 679 2148 4
19 3535 9 295 23 807
1429 19 4716 164 19
18009 708 13 3158 3535
1163 4593 3412 9 9
1283 295 3479 221 877 39 4
3391 1669 896 859 21 1586 923 4 4 5 567 24 220
4 406 783 221 4280 19 93 73 273 5 985
2563 465 38 1345 16 206 30 100 3534 94 93 806 115 5900 21 703
189 1121 877 214 271 7 1380 5 7617 49 88 85 7499 4318 47
83
116 1014 2148
807
5
11
1711 111 342 4 4 1601 6280 248 20
703 16 9 4 1 510
273 1 678 224 11 3818 3158 3534
3995 11
887 5 16 11 11 611
675
456 95
4716 11524
4 55 84
371 11 55 5230
1338
3412 77 195 120 11 9 18 32 700 4 11 5 11 1601 168 19 49
5
118
10853 21 1 2400 16 80
342
641 1938 1045 9 111 206 11 21 16 877 4 5 221 296
4123 9 2563 150 25 99 9 60 2900 11
132 1938 4
131 859 11 8006
127 4 8 49 5 611 5 38 247 4592 19 49 256 221 1014 313
19 221
7617 11 183 3412
1121 164
247 11 11 5766 137 1938 4 72 406 1181 9 3479 1002 30 1181 2900 273
783 11 111 55 4280 11 9 5 9 19
72 5766 35 700 1045
611 4123 19 400 3627 13 14098 24 14098 379 1586
72 371 93 135
4560 201 318 143 4

585 115
39 8 14 10
20 135 89 195 19
1711 275 143 3391 4853
147
5766 11524 16 11 611
35 372 275 5229 32
55 10062 40 165 20 2021
19 6 32
706 730 11 55 12 567 30 161 19 4280 5 6 269
93
30 2563 16
186 366 1
117 183
14098 5
631 611 4 2666 802 118 189 8 14690 708 11 435 5 12 85 4 2563
313 611 785 318 6 11 32 9 127 3412 11 366 33 16 923
1640 183 76 6280 221 11 294 221 25 73
8892 135 201
273 93 115 1045 55
1045 221 9 11 6 2446 221 15 21 199 3412 567 187 3412 16 220 2736
374 1014
271 143 2446 9
13575 76 5705
383 84
12540 13144 16 706 83 9 2900 1045 14 117 295 5
10063
23 177 2563
89 23 206 6 8 21 896 1759 72 8 4715 19 35
232
537 1045 611 11193 49 40
1000 30 21 11524
671 21 8006 21807 1779 80 9 9 19 3270 5 150 12
5829 4 7 135 9 985
220 8 1648 6 5 9 443 26 877 1601 10579
510 11 24 4
8006 5 6 227 415
776 3535 122 13
1060 32
3917 313 435 5 33 11 295
23771 11
5030 1060 84 19 1608 19 9 99 2779 4280 21806 5 6
20552 1756 17585 19880 4451 54 267 887 275
23538 8456 909 700 4 3535
132 169 4 33 93 550 48 30 777 15
150 7 21806 19
111 273
37 271 371 19 113 18 19
179 65 11 221 706 703 221 10 4 313 48 1601
313 19 4 313 271 62 11 63 18 30 7 806 9579 269 48 62 19
81 12 5 30
9579 4716 115 4 435 77
34 5077 1669 30 55 5 425 256
10 4 3818 150 5 7 34 9 256 11
24 83 371
4 4560 3535 33
9 7617 8 1000
15307 240 785
49 1045 678 400
100 49 63 5 39 2778 16 5 48
12452 923 115 85
3454 7618 19 21 565 11194 29 33 103 45 19 93 23 9 313 270
101 4318 11 210 6 997 296 84
325 221 2778 465 179 10579 19
6371 14690
2736 346 4593
469 11524 55 100 5 11193
6371 18 122 9 5 11 33 11 5900 72
26274 13260 1074 1230 295 4 9 84 371 1601 1711 2900
117 19 117
63 9 611 14691
2348
253 67
17 807 537 49 11 6 199 1295 346 4853 8 3412 19 256 4
15 62 985 4942
15 48 6371 138 27
4 38 2900
1181 19
89 1295 4 134 19 4 4593 275 17 4 19 48 608 11 1071
13828 1586 1045 4280 3818 785 3412 16 346 16 39 10062 221 63 4 9 7
15
509 29 1897 3412 11193 62 89 10 2563 430 679 3479 1711
703 53 224
567 2400
2009 5 26 30
20322 730 4593 48 9579
214 4592 4593 9 26 4 32 11 21 166 19 10062 866 515 1013 5
6280 5229 5900 15 16849
807 5 12 6 73 24 294 11
294 220
295 9579 25 177 8 11 469 279 11 6 10063 201 14 372 26 346
46 74 2148 1711 5229 5 9 221 923 55
221 887 67 4 220 11 84 11 13575 1144 6 19 113 271
372 221 24 248 16 221
19 232 5229 11 371 221 5 5508 111 19
269 8448 99
1000 1736 275 5 4280 120 187
65 55 55 9
14539 50 120 30 11 183 7617 9 3412 9 1901
18 14 2900 61 9 35 2900 60 19 3412 127 122 1074 529 251 777 118
529 1000 273 14098 5
4592 313 3158 33
1086 35 273 7 1086 65
9 20 5
6096
325 273 5 27 3535 11 30 9 1711 923 11 9 150 89 515 55 5
251 225 62 1 1601 6 5766 275 200 6 5
6 11 150 793 19 1345 537 2130 2400 19
10853 1014 1014 19 836
2666 3269 47 7 11
509
7618 1711 74 10 6
346 53 836
3201 706 379 3158 55 1609 776 608 35 55 19 1181 1669 41 113 802 24
27 93 313
169 717
11524 138 16 85 5230
24 27 4 11
2400 225 909 169 220 67
137 257 2900 19 706
510 131 342 21 54 4

19 887 13
1283 952 4318 16
5766 679
5077 83 2009 93
1711 4593 49 26 5
164 11 4560
11 5 271 9
515 85 93 3818
415 516 23770 8
2638 23 4 11
4679 57 17 17 503 4123 6 9 11
509 9 985 80 537 4280
12 6 23770 325
4318 143 11 30 183 5
6 32 5
8005 93
13 30 11 6 1640 59 63 349
7570 220 12
923
1544 214 124 9579 14 19 503
1225 1585 269 4 59 19
1 11524 715 887
1330 19 47
8907 7167 5829 21
11 221 24 6280
4 19 5 9 80
256 11
9739 567 19 6 10063 1013 9 19 98 4 1429
700 700 1759 11
135 3061 273
5229
567
111 325 221 5229
10579 776 3818
4853 247 5 11 4 11 10853
2130 11194
1060 1736 19 406 1071 1759
32 2148 24
113 1283 224 5 1230 16
11524 120 195 16 62 1711 430
9 1144
1121 72 3061 67
275 32 537 1901 84 33 1230 4852 94 72 3535
7 8
11 39
3534
776 221 10 679
528 6
4715 5 5 717 2130 224 9 2148
1330 3818 997 55 30
53 7 19
443 99 221 11
1711 5766 35
17182 83 1640 99 29 5 221 4 6 195 62 4 4 4 267 5 10
5766 611 11 11 5077 4 485 1045 9579 383 5
1045 200 224 12 6 567 4
828 1648
1014 9579 776 11 6371 313 1295 6 9 550 9 3818 23 19 17
99 1144
5766 94 4 19
2563 3269 1 404 67 221 19 275 1586 1
313 866 8 4715 32 11
1711 700 55 8 247 92
2900 30 11193 1330
4 807 11 3995 32
37 253 169
5766 346 5 10 221 706 374 11 17 6 30 19 33 3535 195 5
1163 1897 877
269 275 19 72 1711 1045
11 220 94 867
1711 1045 33 9
313 11 1897 550 143 5 3818 49 115 221 19 406 39 221 923 55 11
120 953 55 13 7499 5 55 6280 1345 807 2130
703 143
435 8005 19 8 887 2400 19 9 503 342 19 16849 24 5 1013 4593
10 11 48 985 2778 425 11 164 4

406
313 49 11 65 9 1759 415
13 256 4560 7617 6 183 11 4560 6
13186 5229 7 2148
4593 99 21 206
269 4942 56 21 7 83 11 113 101 1163 8 887 19 187
867 318
318 38 3534 143 17
5766 4 5 1938 8 81 19 828 19 4592 5 49 887 11 585 6 717
3818 16849 36
161
137 4425 2130 6 221 9 3534 32 379 271 2009 63 221 1601 1 279
559 19 8 700 16849 12 199 29 33 275 4123 703 1763 6 17
46 143 3535 4 14690 55 296 1045 76 294 5 708 346 221 1
16294 997 7167 135 19 5 30 703 298 3454 1640 5 55 1897 16 6 997
11 4
1338 5900 25 2666
11 11 1897 150 7167 49
104 3534
3270 14 19 9 703 99
23 5229
25 529
80 55 115 8 19 120 74 4 877 19 132 17 49 17 10
537 374 18 221 12 63 95 169 4 877 19 187 5 14690 5229 1669 271
1013 32 294
679 559 9579 3818 19 2130 11 11 1045 6 183 187 11
2666
19 16 98 19 9 7499 30 1330 866 55 16 19 6 567 4 7499 6
116 296 1711 9 17
54 37 5077 877 6 5 5766
237 4942 807 21 5 117 81 4 12 4 23 1 1 21 113 5229 67
1490 294 11 21 6280 9 351
47 19 81 85
10579 256 909
509 201 11 5 6 15 99 807 379 9 1181 19 9
443
1014 25
1759
7617 887 21
19 11 11 11
77 19 2736 1897 4 2130 11 48 21806 1897 5 1640 776 342 4716
15
296 5 134 9 1 210
353 1380
678
14617 435 50 256 2348 273
30
251 923 1779 785 4 17 269 1759 1045
201 9
807 118 11 11 2900
785
24 81 8 400 19 9
270 19 48 55 3412 62 415
5682 1711 256 19 4 342 4 296 10 9
4560 11 313 29 77 342 32 54 3917 807
224 115 4592 19 135 143 12 5766 6 18 11 7 5 515 2563 11 923
135 19 313 11 137
94 6 715 169 3158 706
6 150 224 122 51
150 1711 1
16849 11 7 11 11 679 5 611 23 4593 5 1902 16849 102 55
16915 9 94 19
94 143 372
1938 7617 3479 16 5 11 1144 115 51 5 1045 11 21 11 40 4986 4318
1181 5 7 11 135 5 16 9 5 2563
247 179
371 400 143 9
26 35 1779 1144 19 11 183 1608 785 33 49 35 1 4280 1897 11
48 14 5 33 783 1759 678 717 4 19 132 23 465
887 6 706 33 3269 5 50 356 776 3270 19 7617 3535 6280 9 7167 29
295 35 783 137 5 1897 807 5077 122 997 30
9 5766 1429 29 7618
14 1230 1897 55 118
139 4 189 9
21 952 5 877
298 679 6 6 150 1144 11 273 93
62 990
435 3412 4560
2238 1897
1 24 785
189 137 16 298 275 15 50 210
275
12 793 120 4 5 5 325 5 3535 221 59
4560 325 214 896
5829
5 4280 30
19 10063 1669 2736 19
7906 1490 298 706 406
26240 3412 5 62 866 11
18500 23 435 33
74 279 201
1586 20 81
802 1295
641 5766 206 2285 16 435 2900 469 33 3627 16 81 1045 5 4
5 5766 1601 33 19 1316 279 400 4 4 700 25 342 137 1000 5 72
34 1316 406
26253 13630 567 515 267 17 30 12 4 8 1938 55 134 6 47 1601 6
5 6 877 6 5 32 11194 6
828 443
221 8 4 2148
15
2130 4716 21 11 6 4
63 679
7617
48 224 89
783 717
1086 5 4
23770 4280 92 6 11 19 5 48 13
224 14098 2148 26 19 807
4852 9 435 877 55 169 111 2148 4 221 164

1937 776 1938 807 8 30 4 134 529
13 271 63 10 2148 5 1330 189 700 24 706 49
1615 1144 11 2563 11194 16 279 11 5 120 5 74
30 537 1897 33 6 115 11 465 313 49 611
1586 150 4280 5
19743 166 565 19 379 8 21 1 9 18
3627 1086 5 9 36 7167 678
374 11 887 55 89 5766 84 611 313 115 4593 248
32 179 23 10
25 9 16 700 1013 6 3818 55 7167 169 12 19 1429 1316 11 16 51
4059 72 164 12 23770 4 515 275 5 1 26
1000 20 21806 55
103 3412 60 706 19 13 802
3995 274 4 1045
113 18 221 6 909 6096 10 102 4 706 187 8 318 224 23 465 5
608 214 346 465 8
565 1 115 16849
7 415 224 25 5
23621 201 374 5077
10579 706 30 49
1711 8 2148 985 1380 346 3269 1144
5 4 33 269 11 17 11523 99 49
8 48 294 1897 67 776 611
67 214 9579 909 1060 5 24 4 177
414 275 257 122 567 5 89 11 5
67 1 11 3534 120 273 443 23 8 11
221 4593 221 6 5 63 17 30 67 1759 5077 229 3412 40
19 3158 10579 4852 4 19 3818
4294 4123 4 49
9036 51 5 150 23 15 14 6096 93 105 221 9 5 50 32
210 19 67 127 3158 11 14691 3158 11 5 2400 2563
7167 273 38 247 327 143
103 5077 8 4123 1759 118 5 99 55 143 221 18 11
5766 221 7 3818 55 7 1060 5 1711 221
887 12 379 92 12 35
1283 443 95 5 115 221
1601 41 5 700 785 21 117 74 4
1938 193 275 273
23643 55 3818 2900 6 608 21 4 19 9 708 3535 12 115 327 27 1759
717 952 371
406 210 1490 5 55
6 3818 1000 14690 5 3412 50 23770 200 40
83 89 5829 1295
675 14 6 9 16849 4 10 85 10063 785 5 887 38
137 11 57 11
783
24728 18190
83 13 866 19
503 5 7618
17 443 435 89 33 1283 49 806 371 19 679
887
5 851 4 5766 55 11
4280 67
27 100 6 63 37 120 15
229 7 39
1000 608 923
11 2666 251 72 1615 179 11 19 221 1640 3535 224 2446
29 16 5 11 105 48 706 4 700 11 5 11 5 5
9 374 313 4 220 47 65 7167 342
5229
4318 9 374 435 10579 887 8 3534 99 23 997 122
6034 6280 42 7167 268 1897 802 14690 169
46 5 1181 1380 3818 14 406 4853 1060 2563 4
325 4 5 247 279 3534 11 3454
104 15307
1608 30
100 273 611 39 675 708
567 1897
2779 13 275 5
5229 7167
257 6 16
23771 6 909 703 1444 21
20 1648 7

41 3535 877 26 12 99 19 273
5766 34 11 16 1648
5 15 5 537 5 3995 4853
2191 1779 120 19 49 4
74 210 14690
6 7
147 19
168 4318 4 19 63
4280 9 77 11
7167 27
7752 11 5
15 10 294
26 4716
138 5230 9 4715
10853 806 9579 63 9 785
1163 23 3818 4 33
27 50 5 3818 923 1 10063 1060
273 169 5229 19 5 877
122 3535 122 8 6 1763
81 67 1144 435
807 7 11 16
1609 6 14099 76 2021
60
8 371 3818 225 19 371 1 270 21 4 465
678 11 11 6371
1736 2900 6096 115 62 706 120 7 408 5 1711 35 4123 14099 1013

17 807 55
48 11 9 374 10 221

21806 559
1429 793 567 199
200
295 11 248 3818 469 515 887 2900 4 99 99 53 257 16
296 5766 19 443 201
214 9 67
16 4 25 16 5 9 143 6
54 5
3818 1640
3818 4593 896 11 2563 9579 6
179 3534 21806 12
168 1013 19 169 11
1345 2400 443 80 4852 313 9 221 4 221 21 21 8 5766 49 93 19
807 4123
275 275 1938 15 1 279 267 1 18 21 5 5 2446
29 318 7618 201 1640
1014 1295 29 93 5229 4853 5 17 11 4716 700 10 1013 221 371 59 2563
565 11
33 23 1045 503 1045 16 4425 38 10 168 11 8006
11
7499 6
443 27 5766 247 221 783 30 81 4592 10062 7 1 111

1586 1181 11 11
10063 65 5 122
7617 7 17 5829 2778 19 19 5900 1 19 1071 5 268 16849 1 6 19
887 1060 325 2778
327 4852 49 47 19 1000 124 887 1144 32 4 221 51 32 8 4 1045
273 9 206 4 27
7124 1014 776 21807
221 165 27 9
536 8006 256 19
273 515 120
275 19 29 6
16 4 14 9 298 11523 267 2736 327 161
117 11 565

465 11 3535
25549 253 1938
127 7 39 48
342 35 469
6364 143 8 342 1144 5 268 2563 220 168 49
1060 1345 11
10853 85
836 8
221 11 503 17 143 7 7 374 55 295 23771 3818 35 3412 12 89 10579
1989 4425 4592 2130 11 7
1230 5 9 7167 6
3535 256 509 257 5829 221 1669 1601 679 24 164 565
24 36 30 4 1163 14 62 1144 20 9 785 24 4280 271 318 1338
2148 49 122 11 143 1144 5 150
313 21
631 1060 5229
18791 13575 21806 13 267
33 117 327 5 4 3535 8 469 859
41 1181 6280 3534 700 55 221 509
5030 5766 15307 11 4 240
169 6 8 294 275 443 11 10 16 5229 4 923 67
271 10853 4 8 313 17 32 10
30 40 61
2563 318 85 1338 177 21 48 221 11 275 11 294
19
23770 16000 807 227 229 19 55 2130 2666
11 785
4942 5230 12 4
98
3479 2148 9 105
708 4 5 611 48 273 1181
224
221 8 836 295 138
5 1071 3269 11 221
2148 8 271 11 221 30 294 19 9 6 269 115 4 730 29 93 19
201 5 10 9 16 6 85 62 785 11 38 9 221 537 40 294 224
1316 295 7167
866 6 14 4
1759 214 877 134
76 221 32 275 6
2148
88 4 49
25606 127 275 313 11 3534
4625 325 6 313 3818 5229
40 408 23770
6 124 2148 19 177
887 16 16849 271 115 275 55 807
14798 20459 675
279 1045
161 585 706 371
189 1013 13 9 30 11 55 9 5230 295
17 776 5 8005 273
2900 2148 4318 1779 997
221 7167
115 19
11524 164 99 115
49 887 887
9
16849 16 12 7617 19 99 5 279 909
10214 1163 221 2446 19 537 39 5900 2400
4300 10439 3479 3412
836 35 608 11 318 93 9
161 94 32 99 118 116
26 14

8 11 48 49 253
27 296 887

124 5229
537 11194 1345 469 221 122 9 2778 4 271
1902 21 2563 715 19 221
232 5229 7167 4 1 55 298 6 150
866 80 4593 9 8 11 5 9579
117 5 221 11193
678 3412 19 8448 3818 111 21 253
1071 6280 1669 3454
115 89 1345 11 18 49 1 4 9 4 46
1 3535 15 5 120 16 5
909 120
7 679 61 10 4
1901 45 48 2148 93 39 565 10063 35 12 24 1045 275
3036 1 16849 4 80 700 1060 16 19 32 5 122 1181 177 2130 5
717 1163 294 349

3818 9579 294 5
866 10063 19
38 3818 9
776 5 24
1390 11 8005 6
5077 17 2148 1060
201 247
179 84 708 21806 62 866 294 39 11 11 161
430 298
55 679 7167 3412 275 11 48 11 32 5 3158 318 11 1711 2900
89 1144 55
273 201 2563 62 4 10579 5
98 221 19 56 19
400 273 183
1444 11
803 120 1 102 298 2446 189 18 93 4 19 4 127 529 567 2900 206
74 251 1045 150 5 21 14690 14099
65 1014 4 12 9 11 4 5 2900 11 18

139 11 24 225
717
4318 271 9579
17 17 3534 678 206 11 85 11524 1675 7618 1476 9 4280 63 49
1181 4 515 9
679 700 55 2779 225 4 19 115 150 9
150 469 8006 2285 19 19 2666 183
1608 318 120 313 73 273
4592 6 30
50 5 295 16849 9 34 57 23770 5229 1938
641 1 2900 256 5 8 4 27 206 4 4715 214
11193
6 503 5900 537
134 214 4592 16 221 80 5766 5
3534
257 896 77 631
214 6280 19
2666
14025 17 11524 12
828 1000 6280 30 16849 14691 807 3818 72 806 23 26 4 116
227 19 4592 143
3479 435 1060 3917
11 67 3158 77
1608 7617 5 1897 5 5 5 19
26166 2414 25017 61 5766 35 990 2148 11 29
10853 224 6 14098 5
671 270 700 11 1779

5230 100 143 275 273 84 143 93
3270 5829 19 21 27 8 143 273 5229 62 47
296 55 54
1121 16849 93 17
313 14690 3269 2900 469 19 2446
1013 273 11
11194 14098
20301 1937 346 3412 342 703 19
247 1 221 4593 55 13 11 1 15 38 313 8 807
1181 374 4 2148
3627 124 5 19
10063 5 39 30 1045 21 16000 17
24587 8 11 49 143 201 1608
2900 26
803 313 1 224 313 1295 4425 20
631 24 679 10
36 177
325 13
1897 374 679 13
20
60
35 3412 3818 4280 1345 14690 268 16 40 5 1901 371 887 706 17 5 2778
776 9 143 465 717 55 55 24 30
2666 1711 5705 9 67
1586 115 11 408 21
3995
430
806 143 221 2778 99
777 9 7 6
199 117 4 19 30 11 6 49
2004 406 6 537 7 57
515 8 3535 4425 63 5 19 379 4 35 5 1 11524 703 9 54
9 24 89 30 5077 16 2238 3081
14690 5 269 21 7167 528 877 952 295 5 116
887 273 99
1962 400 93 1779 5 5 24 225 15 32 14098 221 1045 785
5 9
77 700 199 465 19
60 374 1 3818 5

10 49 5 81
84 548 5 269 443 11
1338 21 8 4560 4 372 19 93
54 11
1897 1711
34 9 4 1601 14 1045 4123 6 5 5 21 2778 383 93 5 40
5705 295 273 1045 1648 3818 21 30 19 5 9 703 9
19343 1759
806 1060 81 1045
61 5 4 275 4 11 313 72 16 169 5 2666 1045
10063 2285
20 9579 2900 21 62 1444
2285 4592 59 1071 9
3535 2779 2900
4853
7499 679 89 48
137 19 3535
13 55 1763 14690 4 77 10

10063 1759 8 1640 29 9 4
2272 6096 6 73 1002
528 706 118 11 273 221 1897 49 4592 5 201 30 1230
6096 828 346 2778 923 4 16000 24 3534 608
224 3391 342 1669 115 11
103 51 8
53
224 224 703 169 4
11 221 4 708 271
83 135 2285 1045 806 53
23288 5766 465 10
1045 4425 19 221
1230 5 115
11 4
5030 16849 16 224 94
15313 7618 127 34
4592
271 4560 224 4318 29

1380
11 1014 887
11 700 8 700

4560 49 11 8
41 20 32 30 221 4
1002 127 2778 342 1060 9 2148 1014 30 37 5508 256
227 15 275 327 342 1045 11 567 29 2400 93 5
1071 859 1000 93 3479 19 30 9 63 5
985 256 2900 776 400 161 30 19
5766 67 469 11 18 26 53 11 3818 5 11 2900
537 27 275
275 1014 3158 700 6 41 19 5229
383 1144 192 1601 221
11523
6096
1230 415 32 35
327 327 859
115 11 11
4715
275 5 5 15 273 30 8006 6
40 1000 5 18 5 10 318 997 6280 8
1014
5077 10062 124
11194 19 1429 4425 134 776
224 189 61 220 84 224
1 116 7167 30 93 4 5705
11329 134 4 17 4592 4
887 12 84 2285 9 3534 105 57 2900
13 456 187 567 6 2148 3412
4425 5 5 4592
26 67
678 5 19 4 806 9579 5077 1 4 567 6 4 887
26327 1014 55
132 16 124 19 4 9 1490 7751 17 5 17 19 11 257
7618 14691
4716 2148 1601
3535 4592 3412
273 19 4
93 21
7618 887 134 3818 124 5 2009 117 16000 63 11 1045 11 55 206 2400 985
8251 4425 19 143 16 469 95 6
4592 351 6 55 4425 1669 313 63 6 5
183
4 12 3412 55 35 19 5 19 7 5 11 102 179 33 256 3535 6
13 21 50 19 443
952 3534 1380
5215 10579 342 11 700
5829 19 717 6371 57 565 40 1045
5766 48 4 17 1 3412 40 5 93 221 248
14099 537
237 40 80 1 4 1675 7 1086 35 9 503 115 2285
4853 11
143 30 866 16849 221 11
19 268 5 33 7 92
13575 631 11 2900 351 19 25 224
14 16 3818 72 62
2238 5 4 1345 5229 80 49 1181 8
53 55 1601 406 93 1295 9 3412
2130 5 9 3081 700 1763 49 48 20 27 122 21 13575 33 515
1615 177 9 529
503 14098 5 866
4593
700 313
16849 124 679 224 5 30 2148 4593 1060 271 706 143 267 515 55 25 138
7 4425 224 2779 55 4
50 5 13 201 16
40 55 3412 469 4560
3995 41 5 9579 807 221 7167 565 5 16 1045 11 14691 111 4 48 81
6 102 5 229 224 14
469 5 33
1 9
3983 24 408 9579 1316 5 2666 179
33 14 7167
232 5230 346 342 23 247 77 19 115 177 909 5 279
485 45 5 1390
26
77 11 3535 866
271 21 268 50 267 318
5900 1000
48 5 4318 679 1181 9 5 124 35 224 1
313 11 38
3270 349 7617 221 220 9 6 4425 19 164 30 2148 5
257 19 21 30 7167 225 5 776 6 111 5 9 200 2148 4593 611
2446 4123 4 11
3244 5697 336 1445 5 275 20 10579
53 836 1429 807 313 19 77 221 24 92 24 7617 12 9 220 10 5900
1014 19 828 559 802 1330 35 98 1 33 5 80 74 65
678 1 32 11 65
4280
48 1897
111 5 997 177 406
11438 12373 567 247 1 4 275
7618
49 611 10 9 224 2148 5 1601
39 6 32 61 5 5 1 49 2778 4 5508
1711 10579 313 3534 18 72
887 40 94
443 100 611 10063 4 6 8 1230 5 124 83 19 9 4 5 16
7 21 271 13 11 11 4 851 6 7617 4 221 5 379 124 6 4593
313 17 1330 3818 9 177
2900 3454 4852
7167 5508 7 465
469 35 134 137 4 55
671 118 5 11 909
13577 132 19 1060 537 1779 559 3158 807 3818 53
19 3818
16891 5780 1601 887 371 5 1045 36 11 4123 469 9
1586 1144 4560 63 269
372 2285 4
54 56 111 5 503 9 30 62 1045 313 55 11 17 1390 48 11 11
465 7167 785 55 5077 143 2130 16 5
25843 537 77 4 5 183 12 1000 567 807 221 19 4 7167 10579 55 6280
201 92 887 5 11 6 5 4 225 867 8006 34 1014 6 1338 1 567
7 49 134 27 20 6 430
274 11 4280
611 1
990
150 13575 9 12 4986 232 515 11 206 4425 4425
11 6 9579 214 23 32 1014 19
406 115 2148 2148 7 1380 559 5229 374 435 4 5 5 19 16 4
1013 169 294 415
776
1804 877 72
318 116 49 3412 2563
1295 20 6 19 271
295 9 3917 94 9 1 55 5 11 5 351 7 21 9579 11 11 19
21 23 93 1 8 55 2148 6 5 67 510 220 81
19 45 221 703 84 6096 19
1345 4 256 675 3412 85
115
189 6280 4 4 19 435 9 116 61 1163 32 19
221 61 18 10 49 4 6 351 313 443
14099
15788 318 9 10063 4123 120 4852
134 122 5900 143 127 83 2666 19 11523 1045 9 3412 7167 5766 4
997 1897 11
102 4 1711 14099 77 24 371 183 515 776 1897 56 32 5 36
124 567 1937 19 23
247 2563 585 225 7 65
7617 275 26 225 50 4 256
567 4 11 30 30 273 5 67 16 1086 11 14099 23 19 4280 165 124
14690 55 6
49 26 8 1 1181 11
247 21 4 6 93 214 269 1121
26 11 443 25 9
10942 1002 2736 3412 6
700 4942 19 11 9579 14691
19 793 168 866 77 89 4 4 279 4
24 273 80
49 700
39 2400 8 1086 48 271 21806 16849 3412 11 248 1648 4318 13 49 485 11
1002 1476 10 7167 6280 89
349 537 7 5 19
6 150

6 2400
351 38 469 14 776 32 4425 5 11 896 887 1897 923 122 469 1002
55
2900 73 9 23770 807 18 1060 11 567 19
80 24
1675 98 1 138 5077 24 221 4593 559 33 11 16
187 803 5766 404 269 49 8 93
529 6 134 18 11 30 11 5 9 4716 11 6 5 5
7 8 67 165 703 1 9
93 49
10063
7617 24 11 210 4425 8 4 206 11 318
7 9 5 3534 15 9
3081 21 565 4 1 7167 49 877 5 776 9 19 55
4318 1601 565 32 465
351 40 400 101 465
271 19 25 5229 318 611 5229 19 4593 35 4 11 11 5 4942 4 1897
81 11
12 19 443 836
3818 783 221 509 985
5230 92 40 3818 11
1390 5 225 5 14098
19 60 5 5 1071 143 1345 33 700 4 103
342 952
5 5 5 23
4560 113 1345 33 503
3535 9 62 7 8 318
74 201 225 19 221 7 32 3818 256 4 4280
60 40 807 5
12 803 2563 9 6280 5 12 19 19 19 19 3818 6 9 11 81 12
1938 200 16 55 120 150 923 776 1897 8
16947 10579 19
134 5508
1086 33 35 2009 1181
1380 11 793 776 867 4 2900 10853 14690 19 776 700 21
19 6280 221 5 29 269 30
351 27
374 14690 273 41 559 19 127 5229 19 16 3818 2148 4 313 877 7167 214
7 122 32 465 111 80 17
11524
923 5 19 33 2900 4 11 4318 6 8 21 11193 777
224 1648 4123 221 55 134 49 515 221
867 183 21 9 11
15
14690 11 9 679
39 9
21059 10 4592
221
51 5 9 19 5 40
3412 94
1330 3627
29 3627 3412 10 33 10853 40 199
611 11 5 6 1711 371 11 5 11 11 1
16
83 807 21
4
9
16000 318 14690 1380 19 9 55
1330 40 1144 111 19 1609 221 54 807 1144 1759 11
134 62
37 565 16
253
50 33 12 5 717 2148
1074 23770 275 313 3534
48 139 611 608 9 5
1897 7167 72 19
99 703 11 5 275 515
6280 23 11 137 11 115 1330 27
793 224 6 806 5 1675
143 10579 5 887
10 717 4318 84 113 67
2400
14690 3818 183 896 537
1476 807 3270
836 715 117 2778 1 443 1 5 16 11 9

383 485 55 67 92 859 27 4425 275 342 33
192 465 6 923 74 11 26 5 8
1763 4425 25 21 295 866 611
1938 783 60 9 2130 4 120 63 4 256 36 143 16 4 55 34 11194
221 4593 224 679 7 62 2900
3534 923
12 325 56 465 887
4123 49 5 11 115
120
4593 8 84 19 5 35 214 5 1938
6280 877 953 3818
164 298 50
177 55
7 1000 164
4 115 48 9
55
1897 150 30 11 5 95
49 120
3454 1897 177 9 5 19 5705 21 703 430 374 785 179 41 1330 985 12
11546 1586 6371 1071 3158
38 11 1902 10579 115 9 247 134 72 5 4 11
88 2563 33
113 585 11 5 1163 6 3535 1045 275 2148 1380 21
2563 4318 275 5 23 164 33 94 14 35 2666 124 11
7189
54 18 1144 1 134 14690
1608 84 5900 5 76 4280 3391 3391
19 21806
139 11 177 221 29 150 8
6 99 55 19 11 342 7617 55 5 952 29 67 4 1601 510 6 678
371 5030 224 23 485 11 49 5 9 55
4593 548 469 34 83 224

113
4 776 318 21 371 16 122
351 379 4 1014
100 271 435 55 2148 49
430 4 11
4123 3158
248 103
67 783 985 318 342 793 19
81 2148
3627 5 92 55 6 257
3534 313 4
67 2779 25

4853 5 503 1330 5508
3584 5508 18 7618 122 2900 4942
2779 550
327 3818 21 23 54 4
679
785 11 30 73 7 4 374 199 4 10 221
11 21
14690 14691 16
49 16
283 631
21806
565 1609 143 247 9 12 4318 2563 19 1060 5 9 21 19 9 93
15 10063 16 4853
19967 1586
138
1086 318 5900 221
7
16508 34
21161 85 11 221
18 4 247 3412 16 1144 35 1938
5288 17 10062 866 183 27 16 8 2148
7 5 1 11 1060
247 974 168 6
19505 80 11 5 559 247 11 5
2400 275 990 51
25 11 11 3995 19 4 57 21 57 118 221 35 294 679 803 4
346 4 5229 49 271 38 1 60 11 10 30
371 5 717 150 111
34 19 115 469 415 62 5030 985 430 5 8 12 866 23 19 1601
2453 706 1938 11 5 11
29 14691
559 19 785
443 1121 923 29 6 10
1144 279
169 318 15307 3270 100 9
679 16 7 19 67 5
1648
559 11 8 425
23662 703 6096 23 19 351
9 72 49 5 8006
16849 62 16 565 4 19 35
465 6371
465 201 1045 1 116 4425 19
1086 351

92 4 21806 4942
4715 11 15 48 1 1181 85 137 46 8 11 93 17 4 21 6 38
1014 221 6 19 4 3412 1045 17 84 19
27 59 62 55
16 135 19 179 2666 611
5 5 221 877
19 11 806 23
247 985 2779 143 19 5 1013 120 19 11 137 887 4280 2148 50 8 1181
165 187 510 19 5 5 5829
135 49 802 1609 4 11 55 279 3158
4318 36 19 9 53 117 8 5 11
4 169 435 5229 5 4318 270 99 99 5900
3535 877 11 776 4 3412 23 49 21 11 851 631 2900
4589 325 3454 8
785 19 67 923
22764 200 8 2130 8 16 7 279 6280 51 221 11 1938
99 8 11 221 9 6 19 313 55 4 275 11 294 14 2148
12758 585 3818 6 887 11 20 11 11 5229 537 896 48 611
225
47 4852 5766 379 55 1 5900 275 313 678 529
3391 1330 1779 19 30 700 313 6 116 100 67 11 26 11 12 565 8
187 10 793
5084 17090 21 7617 199
327 13 111 40 143 21 9 224 1060
63 5
5230 1045 19 221 67 349
10063 4592
14690 5 214 985 9 4
4 1 7618 11 6 8006 201
19 3535 700 5 469 248 33 11 14099 5 122 17 7167 443 4
5 168 20 6 1897 3535
4852 325 5
3412 19 675 997 400 40
2130 1345 11 923 6 19 313 611 9 9 443 631 327 2778 5 2148 16
22598 94 6 221 30 349 27 1060 165 268 4 1 785 3818 21 19
952 5 7617 4
247 383
415 3534 9579 1711 4
1390 23 279 887 349 435 19 6
1045 1295 5 1601 101 4
2563 430 435
88 11
9579 118
267 10063
866 9 296 11 1429 268
273 11 21 9 4 210 55 4592 2148
122 256 210 7 5 807 2563 2900 240 2238 1045
1086 4852 7617 17
84 34 1 717
275 21 5 3412 565 99 325 143 7 16 6 4 23 675 33 11
2009 1060 55 342 115 776 76
2563 9 143 5
164 703 435 9 1060 1 21 134 11 4 515 81 4 9 777 1 39
4123 11523
10063
294 39 57 187 9579 793 715 1608
15922 443 5 210 257 17 703 18 372
19 909 351 6
15 120 3818 6096 19 3818 33 700 21 93 13 29
19 4 4592 54 16 46
8 537 21
425 9579
9 1002 7
318 2400
1901 887 224 40 5 30
189 19 374 1181 117 169
923 5 296 7 11 100
4 17 102 866 703 327 224 16849
342 5229 785 221 17 371 8 611 5 221 100 50 59 55 3412
13575 39
1230 1586 346 5766 19
465 25 679 53 11
23746 40 465 346 708
11523 5 12
164 2238 11 256 9
11669 1230 1601 83 19 3412
3158
828 225 706 120 19 783 7 5508 3818 4 21 13 2900 13 19
1002 19 2446 275 443 248 89 703 877 40 3158
23770 374 13 11 21
10579 11 3061 273
210 700 469 16
1615 268
11 134 515 1014 2563 50 1669
372 56
559 220 1002 1013 19
8 785 2401 4 49
17445 374 49 5 5 225 4592 81 631 34 5 4 19
118 4 6 4593 61

53 65
24 1779 214
38 2900 296 7617 21807 18
3917 3412 9 611 11 6 887 32 5 214
6 9579 7 20 5
45 17 6 1897 267
923 65
20 124 611 1230 279 5
17 21806 1181 224
270 113 529 268 11 89 67
21806 807 11 14 23 21 17 118 11
54 1711 16 19 406 4 785 21806 27 1 137 39 24 221 4853 81 5
10579 19 247 6280 12
866 793 7167 11
2400 318
18599 20112 802 33
116 27 124 1 5
47 18 9 4 19
271 11 19
4 143 783 161
1 7167 4 16000
896
14099 700 221 117 5
139 867 61
1144 50 19
47 23771 700 34 10 3818 4 120
4593 49 247
2130 19 165 3818 4 2563 4592
2563 33 16
5900 16 221 134
806 193 19
2900 40 2148 997 7 48 717 3818 4 35 189 1897 1121 11 16849
210
550 371 4715 105 19 67 503 120 351 33 8 63 5 49 4
32 143 20
1002 49 122 199
12467 469 5 3627 1014
122 33 101 256 224 366 5 13 41 14 585 9 9579 124 3081
94 5 48
1779 5229 5 16
118 55 13575 443
3818 342 11
1711 99 19 4592 9
2401 40 807 137 356 16 5229 30 6
3412
33 135 4592 2666
2130 1779 3412 11 997 4592
95 295 700 6 313 132
10900 23770 8006 6 5

269 2563 34 111 7167 221 55 11 257 150 1759 1060 221 7 1013 271 2563
18564 2736 11 115
5553 351 134
6 12 30
138 240 585 225 161 3995 27 985 4318 700 247 13575 179 5 12 55 4
183
807 700 224 19 9
294 313 19
275 11 19 55 6 5 1295
8 94
74 93 708 4123
67 1640

83 19 1013 5705 5
273 247 11194 14098 435 15 5 611
5 6 14 14098
708 101 49
6030 2130 3818 115 11 49 11
11193 313 19 9 5 35
201 717
257 679 8 12 5766 11
7618 27 16 515 4 83
1121 39 275 11 1669 1 251 224 6 1163 80 50 117 13 88 6 3818
21 7499 4280 675 49
406 8 30 256 9 143 23770 8006 12 8 8
1345 214 8 21 221
4592 25 115 7617 62 5 192
11524 164 1013
150 4593
9 18 923 406 3269 16 12 5229 65 4853 2900 5 2900 14690 9 122
1181 40 21 19 6030 8
585
6371 89 67 29 11523 49 404 11 675 99 33 40 20 5 33 273 11
1345 273 16849 5 29 3158 49 1711 952
5030 700 85 4 703 469 567
2900 2238 5766 4592 14
2666 12 6 20 60 1902
1779 11
4318 51 4 122 11
20 17 115 267 51 11 3412 1 5 6 2563 21 700 15 21 5 9
16000 3818
143
49 1045 81 2148 559 17
5948 4280 2130 19 866 275 706 111 214 866 118 115
8354 94 1086 256 4 221 11 206 16 115 4
1 275 11523 5 4716 19 4
1045 47 1897 16
611 232 225 342 4853
221 1 2238
443
5 776 11 221 116 11 1897 21
5508 221 4 29 17 19 100 4592 5229 776 11 267 4 111 7167 40 183
485 8 55 5
802 1601
103 342 3061 3412 7 1380 9 11193 117 5229 2563 61 9579 55 19 1759
400 11 120
2009 10 11 55 1060 1897
608 406 103
4 19 5 26 469
122
4853 81 6280 1711 1045 19 611 715 5
1002
224 327
33 49 3995 275 14
247 32 2285
435 7 6280 49 62 776 49 169
11523 101 4592 9 6
10112 4593 24 27 100 83 5077 1586 267 17 4 19
224 559 10579 21 30 2148 1897 16000 275 111
23962 81 19 35 49 19 55 3412 10 5900 8
161 703 11 269
11524 113 21806
1338 23 11 2148 206 443 5 201 807
408 1181 124
356 111 115 9
5508 516 5 19 16
275 5

294 21 1181 7 49 84 1759
1763 952 21 1330 224 807 19 313 118 19
7 268 8 877 11
5508 877 17 19 187 49 2736 11 4 16 11 269 32 430 3535 127 776
1586 366 49 17 1 1586 9
275 706
2900
23 8 7 221 5 117 2778 1476 19 9 21 11523
115
1013 342 206 21 56 2778
9 2563 21
26 11
952 1013 17 4425 11
220 14098 24 776
98 4560 63 137
2130 17 16
469
7 4
9 4 19 1181 10 16 6 679 1736 1181 5766 5829
3061 1648
4425 2736 11524 67
608 8 32 9 30 225
77 5 631 807 1586 443 585 9 2900 294 295 275 793
515 32 318
2563 1648 74
19725 117 19
17120 229 55
1813 866 224
10579
866 4425 469 9579

49 6 45 7617 2736
13118 3479 5077 430 9 273 294 55 14691 256 325
94 19 807 1779 16 608 990 24 11 5 124 275 8 115 14 19 81
4318 5 1163
134 342 11 3917 16 62 11 49 14691 4425 7 49 2148 40 5229 24
7617 45 54 214 21 117 715 39 10 16000 5 137 1759
38 199 294
5077 55 997 19 24 565 111 700 134 21 1897 201 3534
81 20 19 21806 679 19 5 793
206 2900 17 269
16
776 225 6 11 138 515 4 1045
33 6 169
515 177 124 30 6
6280
3917 6 48
19 1295 4716 4592 313 3412 366 19
1060 81 62 6 279
1345 7167 7167 11
877 8006
671 124 1060 5 559 6 30 9 275 1897 15
35 9 27 11 11 443 187
257 2148 11 256 8
224 5 39 11 5229 4 4 21 9 11
510 923
1897 30 2130 4425 14690 3535 6 4592 247 256 30 2736 1295 9
177 32 5 2148
346 7 221 4592 11 679 700 1060 7617 36
275 14098 135 6 1 867 21
342
515 783 221 4 26 4592 5030 294 4 16 9 161 19
7 3158
122 5
1608 102
206 6
4 465 63 2446
100 5 3535 16849 256 48 296 4 415 2238 7618 5 177
164 8 5 565 115 807 5229 67 11 4 2148 3412 30 783
1002 9 4560 1045 997 2009 435
19161 1759 877 257 224 19 49 4280 49 3479 14690 7618
567 21807 1380 16849 1295 19 11 2779 1938 2563
1601
3917 4 7617
11 67 515 27 2238 279
35 4
164 275 11 11 80
1
135 11 356 19 55 806 30 27 19 1901 8 221 11 9 1 8 83
887 14099 2666 102 143 16
134 55 8 298
7 11 221 225 221 32 120 72 1 7752 17
1429 730 248
3479 2130
60 150 887 372 1779 80 443 19 21 5 134 227 224 9579 1338 7 268
273 81 14 5077 6 346 1615 124 443 785 2900
164 1163 318
4593 11
1675 115 21
828 4 47 567 435 1045 9 485 33 80 19 9 7 273
11503 8
3270 3627 4593 9
1897 887 5 6 143

3158 1338 1000
1711 295 2666 19
4560 3412 4593 1181 1938 16 3270 206
80 11 74 5 19 135 6 221 240 6 270 776 10063 10 169 6 4
134 256
65 7167 17 7 55 61 8 11 39 990 4
1330 81 49 700 2666 11 5
1669 30 485
3917 5 25 5 11 62
14690 93 1 877 12 21 9 807 6280 4 117 717 4 4
177 19 19 5 5 11 5 4560 135 1181
1330 29 3818
5038 116 49
425 859 9
26167 802 17 776 1181
55 4986 6 8 2900 21 6 806 4 16 55 256 342
12 5
785 8005 10853 5 3412
247 952 4318 19 4 509 62 325 21806 143 776 4852 5229 33 19 11 4
10760 2778 19 1
4 25 143
16 23 27
715 785 1283 227 4 62 16849
510 3061
269 3818 8 279 465
2446 355 93 11 11
67 807 17 10 529 469 5 221 4592 164 16 16 72 13 997 11 8
115 4715 5229 11 6 294 150 5
404 1060 5077 4 9 443
2683
8294 65 49 53 909 8 802 3412
4123 33 23
50 1648
40 11 19 7499 706
48
21 430
515 17 5229 275 19 785 700 19 19 5 11 19
124 2563 23
11098 19 224 2148
1390 24 11 404 5229 19 4 5 5 1648 717 631 313
67 7499 327 23
515
2332 35 84 1615 5 9 19 273 425 8 17 807 11 1601 4 14098 2900
35 1897 55
351 16 351 12 4 37 1779 206 9 6 4942 443 221 7167 30 10063 8006
985 13
3818 313 1045 1759 14690 76 275 295 122 19
225 952 19 275
6 1390 21 675
567 134 2130 6 1601 21 5 1014 56 503 179 313 16 16000
3550 877 443
19423 807 5 23 5 269

1901 20 5766 1330 50 877 55
700 39 11 1086 435 19
1601
550 11
15982 4
351
150 16 802 5 9 11 11 5
247 134 33 19 10853 1640 10
59 909 5 187
6 12 503 11194
1901 1779 19 1615 9
11 122 17 26 342 3917 4 19
256 5 9 803 11 11 5 1648 220 7617 866 11
201 221 406 1897 19 6 19 19 187 2285
17 122 9 16 83 1601 3391
6 887 24 3534 877
700 371 132 706 485 611
400 11
8005 11 1669
21897 61 1086 807 4 5 19 23 2400 5 4 3818 21 5
77 295 195
9 27 1071 23 4 1615 32 19 7 997 83 57
12 9
166 120 7499 17 124 8 1 15307 559 6 9 117 30 256 275 275 4
3270 1181 325 7 268 4 1045 161 16849 55
35 4 17 1 17 33 201 296
122 67 124 17 3454 4 4
2590 2130 39 17 4 30 12 17 1045 1295
859 9 1045 81 50 1 19 26 700 19 8 5766 35 271 8 165
3158 1938 11 26 271 1675 15 124 9 2446 6 5 5 537 16 5 9
17657 866 5229 1163 351 909 3818
45 41 115 24 3454
21 11 5 221 67
40
5 3412 6280 1938 11 1060 11 559 9 9 14098 4123
16 93 166 19 516
3818
248 11 1181 515 510 67 40 4 12
803 1181 4425 5 279 1000 1938
72 1045
887 706 7618 465 21 117 40 49
16 953 5 38 2779 19
8 21 95 221 3534
50 115
189 48 4593 59 3627
3270 253 2021 11 4 430
5829 35
53 7167 101 1 6
9579 631 5
807 1609 2779 12 6
325
1071 435 55 1763 11 4318 5 7 18 10853 11 2736
32

1736 32 85 19 5 3535 38 295 23770
275 4318 2148 46 8 7 5230 4 51
117 985
406 11523 3818 11 5 2736 9 21 19 313
39 342
11273 296 4593 40 118
11 273 3818 13575 14
118
1938 4280 923 19 1 139 4318 124 7618 102 32 29 14691 1045 118
10877 515 11 3535 23 19
1736 5
1476 4593 1 997 8 275 49 443
275 62 30 1711 11 8 19 415
414 503 271 9 225
859 39 294 63 247 1181 1779 4
11524 115
4560 19 7167 23 5 6 5 81 9 3412 21 221 124
1938 2563
4 14098 909 17 13
49 859 13 14099
253 1
224 877 48 19 7
15 4852 1330 32
25714 57 85 275 1045 5 221
8448 372 867 9 537 4 1230
1121 3535 45 11 5 30 19 161
21948 1074 19 1586 120 19 19 19 1181
3534 40 802 1045 708 3081 4 4 997 515 16000 5766 8 271
18 14 5 1615 5 887 465
3158 62 1 6
25148 1230 2238 11 5229 3818 717 2563 19 3535 32
24 717 2563 92 909 16 210
19773 469 16 1 1060 1295
124 23770 48 1 67 785 700 40 55 807 9 187 4592 32 30 47
221 3412 1476 14 6 565 5229 48 372 3535 55 1014
8005 4123 4 529 1144 11 7 5
8613 2563 3917
4123 4280 6 19 24 803
3269 11 1045 150 5 1779 95 887 11194 5 221 4 84 5900
294 8 6 4 19 2148 17 1444
1937 4123 9
65 47
5 7 2238 80 828 5077 14690
1 1283
143 17 7 55 84 15 7 777 9
270 49 23 4 3270 5

2736 11 5 19 3269 313 4 275 9 113 9 923 4 1897 34 63 67
47 11
887 168 11 4942 4716 200
10063 11 18
24 11 469 11524 1181 1938 39 256 24 23 19 11 3391
6 6
313 6 7618
1675 5229 2778 34 19 7167 703
783 9 55 10 10579 5900
11157 14691 5230 45 7 1045
18 776 19 296
183 866 21 349
268 11524 793
269 537 990 30 5 221 6 120 9 56 515 9 2900 63 10579 26 11
1938 4 232 9 72
124 1295
104 4 631
5 13
16849 9 1759
122 37 8 1 19 1711 92 11
3412 349 5077
5508 6 2900 5766 21 63
189 4592 4280 2148 909 11 425 11 117
3535 11 2900 19
18 355 5 1938 120 221 3818
273 59 17
16 5229
11523 3158
25714 14098 559 5 51 5
11194 1779 12
12953 27
9 16849
887 102 9
374 49
9 40 72 8 9
313 229 9579 294 9579 12 708 221 9
5 510 9 16 19 456 351 611 30 32 4425 559 5508 11 1045 16849 14099
32 706 271 6 3917 199 275 887 55 120 2148
270 17 6 2563 5 21 887
5 4
537
98
6280 400 19 5 776 5 253 19 16849 53 253 1 1045 61 19
3081
20
30 1014 469
10063 6 1938 15 115 8 19 877 5230 99
11523 9 1711 1338 17 1181 271 29
199 807 887 4 81 8006 4 7167
8 325 679 16849 6 5 4
7752
25471 20 18 11 224 11 10 21 24 19 4 776
36
22640 990 9579
5 111 5 221 113
4 21
120 72 10063
5229 19 8 183 11 9 1759 4 9 10 952
1316 807
269 952 120
102 5900 127 3535 21 11
269 165 1711 7618 11 985 36
313 33 38 4
456 275 8 776 425 5 10062 113
7 5229 6 5 115 247
1 23 118 189
9998 11 26 4 6281 5 11 30 11 9 67 5 8 19 3535 3818
12 13 1181 4 1779 887 12 703 23
6 49 1330 67 793 10 909 2900 3534
74 24 115 32 4280 9 8 4 9
273 2900 1669
34 206
48 5900 294
706 6 4 269 708 30 102
1060 1071 23 5829 785 887 6
8 313 7 5 400 5229 221 183 122 26 1
273 485 16849 11 4 24 11 23770 33
55 4280 11 9 11 1181 225 143 5 8006 346 16 374 11 4
2798 5
4280 11 5 271 11 11 802 9
1444 117 3818 14691 4
4316 4123 275 887 5 1181 11
55 2446 5 19 11523 9 11 14690 10
2148 19 679 406 342
12355 62 17
1615 9579 327 1181 6 2130 16
11193 806 116 9
1763 1283 372 4 5 221 708 11193 7 19 313 4
923 221 327 268 14
997 73 101
3818 5230
41 1181 4425 4 111 55 4 11
3818 611 15 50 2130 19 5 807 371 5508 1060 877 2563 4 221 2148
706 1295 30 179
443 11 19 1938 1295 443 24 6280 8 1938 93 1181 11
990 101 372 5766 271 6 275 105 1897 21 1 199 21806 81 342 294
4592 11 16 19 4 4
195 11194 72 89
1071 169 120 257 95 16 7167 465
19 102 1002 1 38 11 94 6371 294 9 35
510 19 55 776
25 6096 120 342
5230 115 1338 32 443 39 20 30 55 509
50 4 225
887 7167 1013
25218 169 11 408 611 221 11
85 5229 221 49 221 275 565 257 776
11 3270 4852 700 5 3818 2666
7 465 38 7167 19 1181 1937 465
29
221
14690 1163 313 5 179
4123 134 214 4 81 9 366 143 503 4 2021 271 5 224 134
11 11 2563 12 19 8 5 5 318 4 89 24 1345 783 275
383 16 7 13 7167 11194 13 39 187 16
1121 828
5900 469 6 72 195 5 49 2736 16849 4716 2563 55 1601
565 8 5 30 1060 8 2400
256 92
48 8 776 4 5 40 11 23
21 3270 21 6 2148 7 33 1144 1
62 11 24 6 14099 7 7 39 1181 4593 366 19 4 24 5 143 99
53 9 1763 93 559
990 2021 5829 9 16849
1002 8006 12 7 11
267
19 57 34 700 6 132
7734 62 9 11 5 21
269 49 40
631 30 23 4280 351 11 4852 7167 2563 24 11 3534 257 67 4 11 1071
138
6 101 4852
443 7167 3269 16 785 19
802 9
3158 509
201
559 221 45 16849 14691 1897 887 221 99 7167 5 139 877 38 30 4 19
229 5229 1121 273
13 55 4280 19 2148 26
802 7 5508 298 807 896 12
374 221 8 9
3454 206 77 14098 124 16849 14691
150 611
807 3269 11
16849 16 143 9579 10579 6280 49 866 717 802 443 9 7167
5766 39 122 23770 9 33 103 168
7 793
7 8 256 221 9 14690 117 48 11 271 8 30 6 5229 2130 48 55
124 26 15 997
678 7167 72 9 19 5 19 7167
1601 465 55 342 16 1181 1295 4592
9119 224 120 1045 4 9 30 27 1937 55 100 89 465 11 124
74 342
7 351
8006 177 1163 76 313
877 4942 8 2736 51 21 776 35 9 1897 19
1938 9 5508 15 221
21807 349 49 1902
3995 6 11 1586 19 26
48
7 374 6096 11
342 11 247 4 221
192 295 95 5230
11 1060 8 8 679 269 1181 11 1 40 35 63
161 7 5 9579 4 465 27 806 256 9 39
65 807
342 11 510
1181 1014 36 11 1121 4
503
5766 27 8 134 5 11 1897 9 14 1897 81 206
631 11 887 67 74 256 165
49 11
10579 1711 247
273 3535 54 16849 9
406 32 183 55 9
4073 730 3535 11 2563 29 65 9 9 161 32 5
3061 195 27 18 515 24
38 11 11 221 275 9 55 4 19 179 84
4942 2900 7618
143 16 122 1
49 5 700 3995 30 120
9 12 15 366 6 4
1000 256 17
1669 631 1 93 11 1615 3061 4592 19
11193 7 169 5 60 83 371 115 4593
7
529 1601 7167 509 183 4 40 117 50 84 1476 5 528 4593 16 11
5077 27 608 6280 7 887 33 4 5 6096
1338 1230 17
206
143 503
7167 366 5229 5
8006 55
221 6096 111 8 17
952
1230 859 1181 9 909 4 221 923 62 2736 19 5 313 776 72
7167 708 866 65 38
1014 4123 295 240 9579
247 17 150 5 19 9 23 4
7410 953 11 4 55
14690 41 19 11 11524 10062
342 631 200 4425 1014 4 19
8805 12 3627 47 435 11 84
247
50 1163 11 4 4 134 9 313 99 4 33 342 631 11 221 273
19 990 923 221
165 5900 1
23 9579 11 4 19 5829 16000 6 7 11 120 4 5 11 5 11 8
164 5077 220 585 11 49 4592 221
11524 49 990 11 5
164 199 2446
435 40 776 7 18 183 29 515
229 20 19 783
1648 122
1711
1901 923
1295 1601 19 1897 1608 374 84 8006 169
205 45
99 2148 32 49
703 77 503 1181
29 706
14
1338 21 11 3818 116
17 1144 40 224 706
11524 18
221 465 19 17 21 19
3391 318
671 67 93 529
1338 221 47
9579
923 34 923 120 200
2130 3534 55 229 40
793 164 21806
17154 15487 1330 9579 6 4593 7167 77 225 5
896 2348
374 23 5900 273 7 3818
7167 33 4 9 127 16 221
415 2778 4 4 13 117 1013 5 116 1609 48 537
1144 120 4 18 5 469 19 9 210 7 11 19 4
3412 9
11 11193 161
6 89 469 776 122 8
15280 5 909 4 877
516 9 62 4280
18 13 4 5 7 61 4 1 6 1779 807 24 275 1 4 1230 4
268 23770 807 85 101 55 435 80 9 18
990 295
706 10 776 55 7 1390
23770 67 9 35 4123 2666 134 21 5 221 5 6
4853 150 4852 4942 247
143 7 9 1711 342 11 247 3818 469 150 19 16849
4942 14 55
32 116 5 1 537 8
295 220 5 1897 4 55 124 268
62 11 122 116 371 62 867
909 84 46 5 4 49 29
35 10 5 55
4592 35
25664 15646 5 4715 206 67 346
267 415 19
1
25843 16 5766 923 4 5229 11 1000 17 997 859 13 14 4560 38 2778
183 4 5 4592 49 18 11 115 19 26 4986 4 2446
237 3818 793 4 5 8 67
55 1897 8 224
559 2900 143
11 1181 11
13575 164 21 1938 1330 3534 1736 700 30 95 9579 168 30 2446 4593 3818 32
247 11 3535 56 137 115 183 5230 1045 4 372 273 271
7 16 1586 220 16 221
20321 14675 313 5 700 115 55 89
2130 62
8 4942 49 5 717 985 30 9 4592 1601
42
5508 997
1034 122 11 101
30 9579 11 4
706 2400 16 14691 122 4 776 80

147 3627 11 537 135 5
94 122 802 177
38
859 443 11 4280 6 11 221
5900 298 137 23 2666 10063 85 201 253 7 2400 887 10063 3818 5 11 785
138 47 19 4 2900 9 206 807 9
5077 11 1 5 5 7499
25573 268 3391 273 5 19
3061 62 803 9 7167 6
559 4318 4 6 16 7618 7 923 6 105 5900 1 3454
414 807 675
4 11 2900 353 9579 11194 23 201 4425 3534 6 35 5
3391 313 785 2736 1586 268 611
1759
700 19 8 1345 443 9579 34 16849 5
7499 11 1071 17 67 183
268 60 3917 30 81
16039 294 9 8 253
5229 6 485 1759 23 19 15 95 5 21 19 14098 273 3535 8
5030 251 807 3535 18 113 374 122 4 7499 50
10063 17
7 896 224 19 19 47 435
371 706 221
294 1390 21 221
706 2563 2563 877 2666 240 1763 67 2563 143 5 6 138 807 6 3818 30
1060 3535 77 269 700 195 50 2400 62
2238 11 567 19 49 113 10853 9579 4 9 57 4593 11 24 435 456 295
15 435 349 2446
105 585
3534
23154 3158
1086 80
3534 2446
150 168 7 11
11193 1601 1669 9579 21 708 268 21 435 19 2900
14083 232 4318 124 9 4 4592
39 1345 7 503 30 6
1429 279 5 1060 1390 807 611 143 39 24 195 3391 225 1045 4 67
4986 807 11
271 9
169 1295 9 785 11 3995 3535 4 134
550 80 5 5 16 896 115 1045 4853 807 985 21 5
55 435 4986 8006 55 17
516 1086 1045 400 585 19
2130 23770 5 10 19 169 279
77 7 909 7 550
23 923 19 9 985 10063 5 16
168 7617
4592 120 11 11
342 55 802
83 113 12
706 1330 5 19 74
25621 81 9 1230 8 2446 2130

94 6
21 465
3534 1897 11

50 867 1711 3627 138 11
3269 371 11 19 4592 7 9 117 7617 11 35 138 1711 11 23 11524
353 19 225 275 611 529 63 631 10063 2130 4593 27 1390 5
313 14
137
9 19 9 115 55 537
240 5 1295 30 49
2736 20 679
10579 298
9 4 990 325
257 4593 247
828 10853
565 1060 5 6 8006 275 11 21 21
298 776 5 706 19 952 679 16
559 5 248 703 8 60 4 1 30 19 537
294 5 117 9 49
550 65
18 40
49 21
32 4123 5 24 8
679 19 6096 6096 465
147 5 5 113 279 84
16849 9 17 1338 55 187 14690 4
985 4 55 2900 7 23770 80 53 19 5 164
675 435 10579 16 5 30 83
116 1779 11 49 32 29 5 19 116 1014 19 5 5 8 9 11 169
3412 5229 700 6 700 11 14691 36

19 30 4
56 14098 5829 11
2779 10 67 21 4 1640 55
33 18 9 134
867 4 346 4 516 227
4 5 5 19 9
115
2900 25 295 2900 38 67 9 273 256 866
1544 2563 192 3818
8
537 4852
302 21806 11 3412
923 1779 2900
1586 318 134
20064 456 16 5 23 406
4547 877 679
25 220 3535 26 273 294 16849 224
465 137 1144 2900 703 113 2563 4 5 4280 8 465 9 5 2778 23 1345
103 1181
137 14099
183 1897
325 295 11
836 9
56 11 5
30 14098 8 150 1490 404 631 18 4 5 49 94
10063 5766 11
585 1669 100 406 565 19 117 89 224 1
1779 60 72 5 11 2736
793 1060 877
116 415
6

30 3270 2900 793 7167
1 40 1938
1938
318 7618 10063
14194 47 227 5 351 923
7 8006 49 567 14098 5
559 273 101 706 7
985 585 62 19 4 5
990
730 703 11
118
23770 1013 150 214 101 21 18 16 3818 49
5 33 1937 5229 9 5 6 15
11 166
53 1045
4318 4280
3270 49 2148 37 51
2563 4593 1071 113 5 4 11 19 183 400 55 19 1711 1711 877 537 4
19
275 65 7 21 877 3158 559
8645 4715 793 537 89
18960 12
38
65 16 1 19 143 55 116 5 435 2238 84 346 9 11 17 4 1897
1601 4
11 113 6 11 18 4 220 5229
374 383 187 18 10 8 21806 23 3995 346 4560 221 5229 5
273 16 221
120 76
224 997 23 515
137 679 179 256 120 206
229 164 469 6280 1330
7751 342 76 26 4 84 2400 33 11 896 379 4 5 11 17 36 116
2778 5 11 19 1060 62 9 55 17 374 19 4280 8 10853 9 35 585
16 49
29 124 4560 161
1601 443 5229
611 3391
10579 776 537 137 356 177 49 425
4318 4 227
9579 1901 214 295
183 5 23770 4716 201 30 9579 10063 2148
76 30 23 5 537 706 39 16 4 5 7 2666
23 11 923 4592 516 132
115 24 1295 1295 1711 2900 3818
21774 65 10 1144 877 703
14098 33 11 89
4592 509
3818
54 221 161 14691 11 30 232 10579 2563 5229
35 17 19 1045
4 7 465 13 4425 19 15307 374 14 9

221 4593 5900 5
3917 6 67 21

4 703 2900 6 3818 5 99 32 678 38 4 32 19 48 19
1837 3818
221 294 268
8006 60
2563 23 2563 122
923 48 807 404 21 17 19 19 6280 40 9 38 9 13 1476
32 5 16849 9 7 631 8006 16 199 1711 267 7
164 118 2563 24 8 46 706 14 30 6 33 2900 48
164 224 165 5229 16
678 19 318
4593 271 122 3412 6 435
221 221 2130 7167 19 19 4716 866 20 5829 887 38 15 6 4 11 19
19782 25 17 4318 1295 271 1490 371 6 867 19 8 206 2778 11 11 84
3158 56 11 59
4592 16 529
25825 509 14690 1045 221 5 802 161 26 4
6 224 346 1295 50 10063 221 1476
559 169
2683 6280 9 2563 313 5
5 6 4 21806 11 19 99 6 1711 4 29 62
3237 124 952
270 807 5 17 24
11 2666 221 5 267 1648
60 221 325
30 33 11
6 2130 503 32
20263 4 39 6 55 221 537
23 294 1014 18 559 21 11 2400 887 55
113 30 631
7752 89 406 1 5 221
32 15
435 51 5 30 5 67 268 5 5 14690 201 18 2400
11194 887 195 469 5
60 5 785 19 3535
1 708 9579 16 55 1897 295 5 7167
137 49
14931 5030 57 3412 515 39 15 1711 117 30 1014 4 295 102 210 247 17
1295 13 1444 72 5 10 678 7 19 10 1000 4318 11 11

117 2400 9 19
836 679
680 99 21806 19
2900 1759 877 23
14690 435 81 21 5 49
353 1759 118 296 1295 1476 55
1181 40 221 19 5 101 161 269 5 4 785 19 1779 11 706 19 271
18 100 23
5 19 700
10 45 33 5
1045 48 9 161 4 877 5
3818
2400 356 342 313 81
4853
19
13342 5161 5030 4
435 1 6 179 4592 4280 9 4
124 134 1181 19 17 5 24 21 100 7617 4
4716 9 2666 63 267 1669 177 9
16 1121 1071 374 187 4 26
273 730 342 5 253
7566 1230 318
120 19 679 923 11 8
8
50 9 776 4593 3818 2736 220 134 5 3270 19 877 4 5
192 19

111 21 21 122 3534 23
11264 214
21 17 5 49 3479 10579
8 294 1002 5 296
465 1615 19
29 5 11
679
2666 294 6 550 4 7617 435 120
565 6 83 251 134 55 559 356 49
16
45 806 19 88 12 294 11 247
923 9 4942 641 6 703 63
887 9 103 1014 5 807 351 21 63 11 11
877 559
1490 294 23
815 11 17 867
559 5 256
7617 631 16849 8 537 27 5 469 19 8006 80 4 8 5 1181 296 4715
201 6 2563 8 11 465 807 11 137 318 21806 35 2563
3081 4592
13575 183 7167 101 5229 137 8 465 469 1045 313 23 11 5 36 1330 4715
828
2130 67 1045 161 55 18 116 256 4 1
5705 2666
700 206 49 2779 19 33
83 2148 5 49 859 435 11 179 11193 8 700
74 72
29
201 11 5 4 803
257 469 7167 406
896 717 57 1014 256
1476 6 406 84 7 4
8799 15 1763 537 6 26 55 1181
116 2900
271
24 221 4 866 21
57 21 2666 120 8 179 990
15 706 40
84
21241 443 11 5230 143 14690 23 224 1 5900 1 4592 12
2778 1045 117 19 1779 10 5 19 4 21 7617 5 55 122 275 49 138
3338 72
7001 456 2900 49 776
3754 559 379
23 135 19
1902 9579 17 270 5 247 111 5 4 469
2778 229 9579 9 5766 19 2130 2148 777 4 72 81 17 327 11
1330 10 51 201 776 85 45 1711 137 1 210 6096 9 221 115 271
18361 1045 1586 1 785 435 214 469 55
116
21146 20756 177 776 4318 19 39 700 14 221 36 17 19
5900 23 187 30 19
33 318 279 5 16 1345 21
11193 16849 703 485 5 30 19 4986 1045 5 6 4318
2778 16849 271
210 20 115
671 7 9 32 296 55 224 59 50 406 16849 443
161 73 1
974 611
706 3158 5 11 267 15 807 611 9 16
7 1938 1476 11524
318 1002 318
17681 12705 93 10579 7 221 24 679
1
3535 2563
229 5077 8 4 23770
29
229 183 11
187 296 2779 9 6371 1144 1071 366
8006 4425 29 39 700
3836 17002 16342 2778 24 1000
14690 342 5766 16 11 257 12
10839 23770 8 1045 12 9 85 313 5
11 49 7 515
5 55 21 5 372 89 559 4853 48 221 859 4 4
560 1586 887 2900 8006
30 313 374 4593 111
503 16 33 29 5
5900 3818 1230 611 703 93 1759 183 585 166 2666
1002 164 4318
1901 199
19
21781 1897 700 5900 406 923 93 36
195 62 120 3479 11 5
9 443 1014
9 6 11
867 5229 3412 122 10579 7 122 183 4 19
19 15 443 887
165 21 23 4 99 6
11 5 6
120 221 221
1759 313 313 5 221 923 5 5900 2400 11
515 1163 6 909 6
990 877 611 40 9 5077 4 19 32 2666 2400 2900 49 9579 77 9 2666
18076 3158 550 7618 18 6280 5766 1490 8
10579 15307 2400
2446 5
887 3917
221 8006
807 24 5 3818 27 9 30 95 2900 57
2778 35 415 430 4715
21 4318
1476 6
39 3061
5508 214 5 30
55 952 187 5 4 5900 3818 23 1060 1000 132 4280 19 220 13 67 89
6096 15307 8 5 55
785 1901 503
224 9 11 8 19 1 9 9 62 32
32
10063
3534
17 952
7618 1601
21806 221 137 5 10
248 9 469 11 40 221 997 229 11 177 4280 63 57 6
1 5 1601 11 11 74 4592 313 372 80 19
35 6 275
85 14691 48 35 27 19 9
997 1763 1937 214 10 2238 221 2563
8006 6280
802 59 909 997 16 11 40 9
118 164 6 4 8 62 7 122
877 325 85
1002 21 1380 294
537 220 443 785 24 102 371 5 11 201 443
2446 3535
34 3158 16
15
1640 8447
65 318 406 5 122
379 224
24770 4425 515 2666 2563 62 19 25 116
5829 247 116
1013 2400 14 51
122 349 9 16
1711 793 16
74
116 2238 4318 2400 802
8006 16 273 5 383 271 30 11 247 700 77 201 81 1002 9 32 1181
997 5 1230 11193
1669 122 1330 55 1144 6 877 11 294 251 1779
1
23 803 1230 21 356
631 93
25513 5897 73 32 256 1897 143 1897 19 251
1938 3627 111
7752 887 776 313 21 39
372 9 275
47 9
2563
4425 1476 150 294
138 1390
2583 21807 777 5 20 342 4
16
4031 706 3158 9 271 4280 16849 271 6 271 256 27 19 134 33 4 515
443 29 1902 4 14691
327 2900 40 887 7 8 115 3534
641 4 67 16 271 5 8 23
6 3412 36 273
3412 5 9 115
294 351 5766 1 2563 783
4318 1640 221 11 14690 14098 50
4986 785 9 19 6 271 21806 98 150 1045 5 19 9 4592 700 224 117
23770 16 256 679
14099 33 92 559 371 32 4 224 27 221 89 49 10 4 95 1295 179
7618 469 73 6 5508 6 19 11
1648 199 7 1 21 9 17 4942 11 2666 63 11 485
3627 53 1937
81 225 11 17 5 4592 887 11 17 55 19 16
63 23 36 19 30 5766 2666 11 5 206 877 706 16 221 6 4280 138
679 4942 4716 4942 1 11 18 5229 3391 2148 19 5766 14 3412 8
318 21806
150 13575 372 19 56 81 55 67
60 13575 49 1 3412 9 221 1586
3158 379 19 7
5230 7
17 4560 275
1938 294 11 7 11 23771 296 6 1045 1897 7167 318 10063 776 14098 49 4
7751 27 275 49 1230 4 19 5 828 515 11 117 2130 715 122 9 5229
6 48 5
1181
443 5 4
37 273 21 73 8006
2563 195
206 10579 165 2900 21 122 11 55 38 115 9 295
9579 72 19 11
187
3627 16 4 3534 11524 6 55 4 3479 7 4 55 15 67
675 1316 221 8 54 537 32 313 6
248 139 11 4 4 1060 55 84 5 11 2563 3081 13
503 275
4592 50 4 33 4 62
12 221 40
356 19 77 21806 700 5508 5
11 990 5 33 12 700 33
92 8
23771
134 7167 124 700 11 55 4592 16
529 67 19 19 2666 706 5030 29 33 1295
806 99 703 5 313 12 313 221 165 115 32 9 1014 21 5229
267 503
134 32 275 1014 134 201 271 1763 81 72 5 887 923 6 5 111
807 2778 5 111 313
25525 793 1060 11 40 9 5766 268 400 187 187 5
7167 807 24 5 5 349 11 39 923 8 4 6 19 25 6280 10 4592
15025 6280 3412 55 3158 8006 3995 4
1669 3158 224
5900 11 9 124 271 515 6 4 19 5 985 1 8 55
700 342 2563
379
3535
187 38 6 537 3818 61 55 143 16 9 15 1711 5 14 1060 6280 8
4592 19 990
550 1779 23 16 5 5 3535 529 675 81 9 11 17 351 11 2148 221
11524 17
199 6 2900
4715 1230 807 77 19 679 48 2736 30 214 5 16 435 67 19 221 866
41 866 33 776 99
33 715 19 1601 4 25 327 122 33 19 5 55 327 5
229 101 224 200 783 35

55 115 8
11792 5844 295 2401 3535 17 1897 296 990 99 11 379 4
169 807 5229 143
192 313 16849
39 11 12 7167
715
3818 10063 55 19
608 18 631 30 150 85 11 3818 11 17 9
6096 7 1181 985 102 1601
122 887
318 708 6 56 39 4592 5 1779 273 7 25 35
25 120 6280

13249 269 269 279 6 4425 10 275 923 4 30
4592 4593 23 4318 5 201 3412 19
13797 435 6096 3818 10 5 5 318
240 379 717 887 270 9 294 26 2285 25 1476 30 115 4 29 4560
115 24 9579 4 675 11 4986 785 372 9 21 2778 16849 268
3818 529 435 8 828 295 1181 4 5 12
887
93 220 21 24 5 5
183 11 8 40 7167 9 9
19 5 21 383 631

1609
279 268 9 776 3158 9 4
374 1476 717
1181 4 4 55
14690 12 887 3535 5
14098 1163 13 14
294 34 4
776 19 785 16
102 6 11 55 3391
1586 295 4592 122 5 8 675 8 10579 435 5229 55 183 4425 680 117
39 2400 214 26 700 225 275 269 26 32 19 19 785
909 923
803
887 275 7 5 1045 4

4 8
268 469 220 23 923 313 5 4716 62 195
57 221 271 279 55
89 8 115 1060
567 5 11 4
851 59
909 6 143 30 27 469 1071
135 1779 485 9 6 49 2009 5 5 4593 3818 9 220 16
275 3061 2148 4
887 10 776
3534 5 5 5230 5229 67 9 16849 1345
342 7
793 346 11 8 6 2148 5 715 19 7 2148 169 6 5
985 313 25 48
3818 11 13575 32 221
247 5 990
802 1 17 137 16 210 2148 65 18 708 111
5964 3454 2021
25086 15307 700 3818 785 113
828 7 11 7617
23809 990 16849 5 8448 611 24 12
50
7167 6
118 4852 8006 1897
706 3995 4593 5 1295 4 1000 11 990 49 4593 99 7
22095 1060 16 4318 2130 19 11
785 1144 11 4
4986
836 120 8
400 1045
4942 4593 6 1 9 7 9 49 1045 1 783
11524 26 33 11523 4 24 559 1763 275
19 4280
38 19 19 60 29 19 1897 1295 1 537 785
30 224 72 404 11 6280 9579 6096
516 383 1338 4 1601 807 5 4 7 14690 65 5030 1 256 1609 5 295
108 14690 99 5 295 5 5 19
21 7617 15 8 67 430 4
23048 12 34 221 3534 5 342 76
27 6 85 253 55
120 221 19
6 11 5
11968 273
19678 4986 5
103 1648 21 17 2900 220 2130 120 65 430 1345 887 807 2666 5 2148
503 18 247
279 19 7618 4560 1648 55 4 161 95 9 164 11 11 346
54 30
4318 3535
13859 435 10 675
16 295 313 1380 9 11
866 134 4
247 675 29
62 295 117 21806 11524 349
803 4318 122
5
313 6 5 465 3412 21807 49 7
7
2778 9
5030 46 4 55 1897 39 4853 116 273 717 5229 62 94 13
166 5829 703 559 179 4 909 1 11

1390 469 19 6 5 127 6 9579 122 271 169 14 30 19
21 14690 3158 30 5 14690 10 200 21 3391 7617 150 21 132
36 465
27
25 828 11
611 3081 9 132

366 10579 11 2148
12 13575 21 4 221 11 5 346 5030
2736 99
1014 1163 1937 700
1230 5 21 9579 1
4560 5
225 325 371 374
4318 11 275 887
60 435 5 55
1013
559 39 6 35 406
4758 36 273 703
717
443 47 63 5 11 56 33
1 887 1230 62 700 55 6 4 1060 19
118 374
48
14165 19
1698 14098 1 221 7 5
2009 353 32 2563
247 40 32 9 150 6
5030 9 98 443 703 143 5 30
3269 183 2666 19 85
94 1 227 9 23 23
3158 1601 4123 16 7 5 1045 150 1601 2666 273
877 6280 16849 221 122 465
6 12 793
10579 8 6 273
63
5038 57 224 2130 537
33
700 177
4425 1014 94 3818 13 2900 1601
6030 355 313 124 371 19 30 19 11
700 465 193 1045 7167 435
1476 4123 221 92 3081 32
7617 4 2400 923 124
374 313 2285 1 17 408 221 47 2446 4716 19 15 47 1000
269 33 5
1938 257 5 150 60 67 3534
67 1897 717 9 1609 4
379 443 349 1181 1181
199 11 1295 84 346
1648 103 5 38 17 30 1938 807 19 1014 4 30 115 256 7 3535 807
752 793 29 2900 5 327 4560 567 13 1711 8
5766 9579 54 221 5 11 9
19948 10 2130 36 3627 49 374 19
2130 1295 4
33 5 221 952 5 19 3818 703 49 26 372 318 19
296 15 10579
15 76 708 17 150 2900 13575 4
253 6 150 4425 16000
700 11 21 5 210 859 30 49
1 7 6096 923 18 72 55 11 11
15961 443 5 515 7618 909
55 221
10620 887
11 25 26
122 1060 11 9 101 19 11 46 34 8
41 19 806 11 887
10579 8005 275 221 187 1045 40
169 8 55 5 1144 1295 29
5229 67 997 6280 4 49
30 150 5077 3627 6280 23 116 4 7167 5 19 7499 21806 39 11
302
785
1601 5 14690 2400
2130 19 4425 34 5 19 1897 115 776
7253 4716 4592 221 4
1736 177 77
1476 6 887
296 342 700 1338 23 16849 2736 32 143 19 27 1937 887
703 16849 3412 708 295 9
1144 703 275 611 2900 806
11 98 5
13 4123 2563 23 19 1601 11 6
45 11 32 48 210
73 7167 98 74 985 63 35 9 12 4942 6 165 2666 7167
3534 3534 5229
55
48 785
10806 7637 715
4 9579 5 443 6 435 1601 5 3818 807 247 4
678 807
227 275
29 2130 14690
150 210 5 11
11719 5 47 5 5229
48 703
294 67 8 19 48 187 406 5 4425 5 6 23 11 7 1316 7 1121
7 50 887 11 11
24 16 802 232
351 80 4
2563 247

4280 24 408 279
700 120 55
124 271
39 6 5 9 224 214 4 1601 187 313 785 59 117 4
675 99 225 247 89 379 16 887 116
342 14099 1283
127 1045 15
132 19 30
268 116 503
93 19 269 1640 12 4
802 59 55 11 1071 2563 3412 7 1 4280 19 9 776 2130 7 2148 5
1330 2400 5 19 33
877 122 708 9579 17 3081 99 9 17 55 5077 111 7167
54 515 33
37 24 30 11 227 1 72 641 273 559
38 1330 59 30 2446 13 11 503 6 19 679
706 11 98
5229 3534 5 700 1763 11194 2900 30 4 9 11 165 3158 11194 537 2900 9
356 3917 318
952 4 5 465 443 295 30 1938 13575 4 9 435 1 5 19
99 342
11 35 6371 1648
485
4942 12 5 221
120 4592
559 807 34 9 19 21 9 5 8 567 16849 38 11
807 318 9 537 9 33 2400 4
8006 4 102
9 430 14099 139 4 221

132 11 9 16 4 57 94 5 11
1045 7 135 89 40 7 18 16
866 147 224
49 3412 77 14690 62 2009 8 9 62 706 271 4 5 4 679 16 32
909 1181 275 55 50 11 1 273 6280 1295 117 7 859 6 6 11 6
25372 11 6280 4593 443 581 1897 117 342 67
565 7 11 5 27
7167 4 179 23 435 11 67 4280 14098 21 40
48

2130 57 5 700 11
34
9 30 224 5 111
565 33 4
2900 5 15
295 271 11
118 21806 11 16 118 42 221 5 5 706 4 10 40
3995 325 807 11 257 24 15 4716 9 99 5 1897
529 117 9 273 11 29 17 16000 11 717
877 23
356 515 98 4 4318
29 1897 39 12 7617 700 1 111 20 214
40 1 510 269
295 111

195 273 16849 30 4 10 221 33 6 9 16 1071
294 443
11 115
5
61 1 6
270 9
8006 273 3270 11 1 124 5 10 9579 65 985
6

21807 4 11 3818 11194 828 1000
5983 4 32 18

346 19 294 2666 4 485 4 251 39 371 2148

1380 221 611 51
83 103 257 5077 55 122 11
1014 247 1060
318 2148 35 9579 49 567
98 7617 9 55 137 268 1380 2900
887 55 93 8 49 25 5230 469 443 224 11 16849 271 16 169 9 13
225 1144 1045 295
2666 8 137
5 700 11 717 2563 253 120 62 27 9 4942 16 923 11
1640 21806 221 8 25 13 708 72 279 559 1 4 247
20745 678 120 17 1 1615
221 72 7167 19
435 164 221 17 164
703 116 1 11
836 1938
113
9 11 275
93 21 5508 30 41 17 4
131 1000 990 5 404 923
430 675
36
8 1345 1086 93 3454 11 2130 8 2130 19 10 12 271
2446 19 25 19 465 116 30
3534 985 41
72 102 10 72 776 3818 19
4930 23 16 16 5 11 3158
7617 93 21 38 4 54 887 515 2563 3270
11194 469
10579 7 11 295 923 1759 4 5 9 99 529
23 985 1144 9 802 273 4123 10
72 1640 877 23 16 9 9 80
72 985 1586 30 14 2900 100 5 4560 21806
355 3158 25 5229 415 11 374 700 19 81 4 59 3391 1144 25 21806
225 803 4 55
836 214 268 8 9579 4593 55 503 1 16849 4942
19 2130 19 11 318 793
268 100 19 99 24 803 400 4425 206 3534 4425 150
73 5 4 11 101 4 342 1601 318 5 793 1181 715 5 443 793 2563
366 84 678
229 1390 57 1060 17 61 94
85 201
5766 23
997 346 19 19 9
1601 12 55 465 565 16 565 10579 3535 18 3534
200 342
93 116 51 9 67 6 221
2666
19 80 269 1586 10579 5 150 120 9 19 23
25
94 164 115 8 11
776 4986
1675 10063 1380 39 11 93 828 9 33
11 164 10063 887 2148 32 11
3412 3818
11 1071 6280 3534 48 10 8 5 11 19 26 5508
706 5
14099 7617 7167 1
3391 2900 1476 62 5 1669 19 55 33 19 16 1013 11523 21 21 708 16000
1490 8 4
1 6 1937 537
5705 11 115 19
5077 105 63 5077
18335 5 5 29 406 253 19 3270 19 33 9 11 30 30 5
469 124 19 24
67 12 435 101
1601
516
3412 581
2779 4 5 537
100 515 17 12
585 443
3535 4 19 5 275
4 253 528 224 1490 19 256 4592 5 515
5 4 101 84 23770 313 1601 99 19 1586 19 275 785 80 143 50 221
923 700 30 7167 3412 55 777
139 807 48 93
17 11 8 802 5 16 3534 221 3818 16849 120
859 5766 11 5 6
101
14690
5900 20 21 187 1390 33 675 1338 16 9 2021 11 143
11006 61 5 11 40 24 1144 81 5 98 1711 17 21 4 1429 183
6 11
294 177 1014 55 877
294 102 6
503 5 776 26
4 4 84 11
5 9579 9579 55 5 49 318 10 13 6 3412 85 2778 19 275
3412 187 8 4 3534 19 5 187
57 9 221 199 9 33 12 12 12 4 89 313
294 9579
221 4 220 21 776 21 30 81 9 4716
19 465 406 5 221
2778 2021 23 10 313 9 2130 4 23770 111 4852 4 4 9 3535 9579
115 27
6 7167
85 807 33 9
3534 48
2021 909
469 887 7 6 1181 6 67
2033 19010 1669
9 2563
164 49 4 700 6
2666 9 909 510 443 56
11493 25610 7617 3454 5 9579 19 11 2736 1121 67 55
469 1779 89 5 11 115 5 11
14 11 270 679
54 30 62 11193 703 4 251 5
20 5 32 49 11 30 4 12 21
60 5
17144 67
47 6 15
611 13575 4425 30
200 5 5 267 4 256 13 537 9579
33 5
12 143 296 4 4 200 221 53 67 313 10 3270 135 4 1711 25 11194
2009 7617 1779 1640
111 62 271 5766 273 465 10579 5 5 1902
6915 26017 117 2148
1615
187
355 35 229 1736
143 21806 73 7 443 5 122
3270 17 113 708 7 5508 6 4 1071 59 49 38 10 1608 1669
137
49 9 3818 11 134 84
3479 41 132 9 5 269 9
139
14 9 3270 3818 48
9 435 404 8 1 5229
4
404
23771 9 166 318
2238 13575 7 6
40 210
120 221 5 6 296
783 4 3534 11 3412 11 1711
559 5 30 30
5 1144 26 896 1071 11 206 275 828 1 1 4425 356 10 10063 9 169
240
11448 135 256 74 39
2563 117 111 1759 94 1601 49 537 21 62 785 4
8 21 13 469 346 608 32 5 27 19 32 30
62 4318
1 887 9
1230 48 275 6 57 11523 4 515 990 11 17 14 7617 48 4592 1 183
23627 802 9 38 95 36
559 2563 2130
5402 1295 16 5 11193 537 35 122 16
700 50 32 21806 6 5 11 5
93 6096 3627 77 115 273 85 5 115 8 206 275
1230 5 16 4592 5 26
225 1897 275 406 803 4 9 11 1060 51 1338 435 115
418 3269 19 4
165 2446 16 909 793 23 5 19
18878 85 379 807 5
24 342 21 4 17 9 26 19 1669 828 469 11193 48
3535 1014 8
1937 3412 2900
877 356 294 4 199 221 19 7 15 537 11 138 313 33 9
3535 298 201 867 4942 1000 6
89 14099 5 5077 515 36 887 611
3535 268
6 6280
33 5 199 55 298 18 529 16 2736 700 48 32
887 67 15307 803 1938 1295 13 19
679 3535 5 5 4593 6 5 1144 221
13858 313 9 9 296
4 19 62 166 115 16 1
11 700
785 143 11 700 7 12 15307 9579 248 5
4 11 93 4 48 19 6096 807 183 275 4
55 465 80 221 5705 4 15307 5 1897 169 11 1121 4280 1648 1144
7297 1640 19 268 9 4 275 859 404

18 6030
2401 5508 101 120 2900 5 21 16 366 1490 32 5 11 19 21806 29 6
383 313
1 267 34 7 11 19 5 4852 25 16 224 295 298 923 9 706
76 1601 435 1938 7 5
40 1144 7617 14098 19 4280 866 12 859
23 23
23770 47 14 19
1476 10062 111 5 124 2736 374
23 117 1937 273
565 19
700 1779 537 117 38 295
7751 93 294 35
5 783
14098 102 2900 5077 567 99 35 47 24 529 1901 32 11 10579 313 33 5
2021
13628 201 77
785 14691

15 559 206 8006 116
342 11
24 6 5 703 49 150 1901 1711 3818 8 24 803 11
706 14099 318 4 92 224 4942 49 4 1345 5900 443 327 715 81 65
21806 115 5 187 10853 11 7499 134 776
803 11 134
5 1000 1938 99 11 19 33 1609 19 4425 16849
296 4715 81 2148 89 16
179 50
4716 49 32 17 21806 11 5 9 2900
5994 6371
12 19 187 11 2446 59
5030 256 1144 13575
19 25 776 1014 32 221 4 23 115 273 12 5

3270 1345 62 24 3534
1586 2130 3917 10062 1 5 2148 16 294 20 33 3081 256 111 214
21806 30 6 4 9 26 12 318 48 21 30 5 1045
19608 1937 14
2574 1476 224 72
21807 4 135 21806
1060 1938 24 83 11194 256 55 32 221
295 122 81 183 256 19
16 5 11 803 84 49 229 5 54 120 803 93
18 19 4
10062 150 10
990 253 877 2900 30 48 11 985

1937 38
11 84 17 6 4 2778 116 19 5 30 435 1045 565 275 4318 7618 4853
1759 6 5 195 430
267 5900 1 221 17 3412 313 1601 5
294 4 11 5
7 221 371 4 5
9 4280 456 120 6280 24 199 9 24 567 247
857 25287 803 224 1295 50 6 81 19 717
6 16849 469 67 16849
14098 5705 9 2148 30
12893 48 120 3061 1

164 5 6 465
24288 8 18 776
21 77 14098 256 559
3270 3270 9 74 1345 19 48 120
443 374 35 32 83 783 16 5 19 11 62 296 1045 67 23 45 63
985 16
1045 199 17 425 9 115 27 867 5 94 48 17 77 9 221 11 11
16849 33
528 1014 5
60 6280 19 302 19 14098 803 11 372
1295 9 443
8 793 3818 4
567 99
93 7 2900 214
23 34 21 41 199 703
102
120 867 195 19 4
2900 11 267 4
567 23 16849
1601 1601 16 224 11 11 93 3535 38 1 11523
225 118 120 4123 7 1181 9 4280
313 256 2148 443 29 679 49 1 5 38 30 115
33 708 1711 3412 537 16 37 9 9 4425 4 9 19 14691 9 294 11
10062 9 1144 21 4
700 5705
10749 23 887 372
4629 351 224 9 294 9
3391 12 273 372
267 465 26
32 199 679
210 559 24 49 12 802 14 275 866
135 122 16 1779 5
1014 4 247 195 84 268 49 275 18 4 5 3535 138 23 13 19 6
3818 268 776 3535 33 776 49 18
214 113 29 9 12
47 271 2778 26
415 1640 5 4942 16 40 3535 7618
1390 55 8 11 5 40 3534 11 13 3269 318 16 94 164
60 703 4280 17 828 221 12 55 631
355 443 5 19 83 55
33 11 105 11 55 111 224 9579 9 1181 4 4 12
85 567 5 19 611 3535
247 1897 5 11 224 2148 6096
611 30 11 99
19900 33 631
192 21 3535
4 3534 11 1181
279 21 4593 807 537 11 19
1045
313
5 1897 11 5
279 3534 19 11 21 4 21 164 19
5077 700 7 111 1779 72 896 435

279 15 2666 9 708 11 21806 21
465 19 4280
6030 11 730 256 5766 30
16849
349 9 1 4280 2563 4 49 675 4 3818
465 5900 85 94 1736 1181 374 5 17
14098 1 2778 27
247 273 318
4592
776 2900
1476 807 122 143
83
1897
248 1086 11 8 12 21
425 9 16849
67
4942 273 55 33 21
164 793 3917 585 19 35 100 6 17
6280 11524 49 49 19 4592 49 5
1034 8 3535 4425
8 5
5432 56 47 866 5
730
49 183 5 41 3818 4
7167 318 30 867 13 30 5 785 859 6 443
1074 11 23 11 5 6 1045 221 985 21
990 74 40
50 279 3535 1330 1345 8 700 859 3534 118 867 4318 11
72 227 23 8
273 776 122 54 9
17 19
35 11 16 23 122 807 5 46 7
94 2446 9579
1586 295 565 63 4 15
1000
93 371 887 27 57 836 1897 111 4
2148 1779 2563 21 13
18783 1669 1
559 4 179 267 6 4 19 10063 19 6 9 24 18
11633 20
168 2563 35 5 19
4715 1601 23
4592 4592 443 559 221 113 32 7167
785 6 117 55 99
896 1476 4123 11 14690 60 372 783 5229 14691 5
355 6 19
24219 400 257 177 19
248 21 225 6 5 1938 3061 19 99
108 33 4592 206 92
550 4 703 21807 1763 73
30 214 6 700 39 9 465 1669
247 443 19 4 4
3412 6 271 5 1763 195 5
103 414 221 1181 5766
14 802 49 6096 11 3412 3454 703 5 9 27 24 116
40 10 225 469
374 19 73 1144 221 1071 3818
8644 256 24 76 72
5030 567 11 1045 715 55 49 5077 4
10 443 2130 4425 273
8006 700 1711 3534 16
195 11 1316 11 9 46 1338 1045
23 11194 1060 55 150 2778
38 19 5766 1897
61 111 21807 206 5030
15893 3534 4280 132 4560
3818 164 9
49 256 715 4 19 40 138 19 16849
3158 8 24 269 143 19 371 485 6280 19
806 16849 10 5 700 25 1711 21
23680 7 89 33 7167
11 294
15 19 105 4 5 4852 1938 11 3535 5229 9
3107 122 465 2021 1283 13 425

9825 165 1071 1586 63 14098
2285 923 41 1060 4 510 271 19 6096 408 5900 267 6 465 30 30 55
1490 15307
807 295 47
13291 15912 1586 273 11 19 150 2009
1648 3269 15
887 5 36 6 21 16 115 40 273
117 1429 3081
268 168 2148 221 776
3534 164 550 84 10 19 23770 17 83 224 57 4
777 124 828 27 866 2736 4 1014 1074 1 5 21806 806 33 115 19 4
327 1071 6 515 9 2563 50 5 3412 4 3534 23 5 2446 115 116 631
5 11193 469 2666 25 268 5 57 143
2778 8
715 887 1380
1615 6
867 406 4 406 16 537 6 120 83 48 12 99 456 19 5 5 3818
221 5508 49 4 11
11193
115 706 16 229 559 5 247 199
2345 2130 3454 21
1074 55 4
2130 12 3818 5 351 4
294 275 1608
3917
5 3534 11193 5
21 221 6371 17 4 72 19 16 5 366 19
456 275 1 80 923 1060 3534 6 8 679 8 103 4
38
443 16849 67
2148 1444 6
10043 6096 708 2778 867 100 11 13 55 10
318 26 776 430 221 1901 415
57 16 81 134 4123 703 12 1295 30 46 17
1181 17 19 5 5 124 117
248 2736 9
14098 17 6 807 5 41 5 9579 776 8 257 5
18432 111
1902 143 318
21807
9 16849 5900 8 59 143 120 14099 10 38
2348 1144
25 32 273 16 35 4593 5 4 9 17 19 253 2400 195 9579 38 164
877 5 1897 559
18193 74 33 11 6 2900 11 8 415 74 19 4 19 6
256 17 16 99
5900 4280 275
2499 1897
565 4715 2563 25 29 102 83 3818 55 3818 529 30
703 221 10579 1 62 19 2736
270 1897 53 30 559 295 1601 124 6371
47 469
5 10 5
1163 9 443
777 5 19 430 11 21 49 13 62 55 887
298 7
406 5 268 8
509 4 10062
581 8 221 201
1295 275 1901
101 877 2148 214
179 700 271
5 8
7499 1283 16849
113 210 2900 21 19
985 5 12 21 49 11
3534 271 221 4852 2778 100
469 253 3412 55 16000 5 3535 9579 18 189
251 7
11 35 115 19 19
851 275
923 346 21 9 443
3269 4 469 30 17 1045 224
5
5077 313 11 5 120 11
8 124 56 700 1601 7617 224 1429 21 16000
38 21 1338 342
210 177
415 406
67 469 294
3818
1060 4318 611 65 49 40 4 118 515 33
115 27
298 2900 1345 611 1601
3081 3818
9832 17370 21
135 415 6 9
8005 9 877 2148
247 10579 7 1902 1759 61 268 5
8 13 703 269 38 6 9 11 5 10 67 313 465 785 8 55
224 515 715 257 5 807
10 953 8006 30 5 16 9 12 990 257
30 2900 2130

5030 15 5229
6371 11 81 4 9
168 24 99
2148 7617 9 56 41 565
3535 465 36
11 273 57 55
67 313 430 1 15
225 77
5 406 5 4942 19 2400 11 2148 342
366 34 6096 1181 7 21 11 55 443 11 5229
372 67 19 105 30 19 84 14690
83 189 10
703 275
57 27
16000 30 10 183 11 115 8 1163 221 866 1711 21 4593
138 641 16 9 1181 327 923 11 1000 559 137 23 1045 5229 99 374 6
1086 55 443
435 1 9 435 465 2563 2900 6 503 1060
1429 10579 11 679 700 1601 67 19 2900 67 77
14031 169 5 8 4 11 49 2666
225 2285 9 15 631
8006 13 5 33 19 6 16
55
4716 256 10063 11 127 5 1 76
2285 1669 55 29 3818 11
1086 4 5508 30 10063 57 706 19 3412 15 1897 9
5900 11 17
2021 4 89
214 469
12 227 866 5 9579 1669 3995 30 17 32 55
371 179
611 5229 33 5766 26 55 611 67
88 4593 4425 9579
374 270 38
1759 30 5 14 164 2778 5 221 49 134 3412 3995 33 11 1 16
54 221 273
5766 12 138 275 55 777 49
40 5508 275 11 11 67 346
313 406 65 183 33 84
990 1014 529 5229
11523 30
116 21807 19 516 33 257 5 8 11 887 342 221 4280 50
548 21
4 32
9579 1 1045 48 6 33
193 232 6 1 93
6371 9 10853 60 2446 5 27 19 16849 214 150 2900
161 12 985 4 120 4 10062 19 785 8 1609 2666 1669 9 183 19
550 559 5 1071
456 39 294 5 11
295 3535 6096 1608
3995 72 4 23770 199 271 139 985 27
923 195 3534 6 11 1 1669 7617 49 3412
210
132 7 529 16 25 13
295 122 19 4 115 62 706 5230 7 13 5 9 807 3818
15 611 115 100 9579 298 256
14690 224 4280 318 19
465 11 2736 5 5 3818 1144 1045
247 6 1429 19 1763 4 11 19 887 268
1669 1711 21
3269 379 122 124 67
27 100 18 3081 117 1601 9 9 19 49 279 469 17 295 225 8 469
21 16 247 11
5508 20
267
23654 220 678 2900 111 12
12 120 279 6096 124
415
24163 199 559 55
12
13188 8 6280 30 537 195 6280 279 9 10 15 30 49
147 515 3534 997
371 776 10579 15 5 2563 485
3818 4 35 19 115 1121
183 189 4
313 867
548 11 783 1 12
22203 20229 313 19 5
95 55 5229
137 11 7 49 5 40 8 19 1045 887 374 221 1045 221 256 2666 49
131 23 2400 19 9 55 19 16849 19 55 5 55 89 225 503 1759 63
680 7 201 1163
4425 1938 4280 111 11
408 168 11 2563 11 3454 16849 270 19 2563 9 177
19
14133 11523 11 5 5030 3818 49 26 5 11 19 102
585 559 55 3061 443 33 2009 6 371
3081 11 3535 30 15 20 6 9 1345 32 1295
23770 19 8006 275
115 16849 11 21 366 3479 3818 83 11524 374 1759 1759
33 5 19 6096 120 26
56 887 435 1181
6030 21 8 221
923 717 11 8 100 275 9
6371 183 3454 15 11 33 38 5 5 3081
3269 179 11 1711 116 5
19 49 785 72
2779 179 700
3818 1711 10063
1779 116 3818
150 703 94 18
715 49
3535
24 503 4 16 11
700 221
2130 6096 7617 74 4280 859 9 3412 41 11 63 7618 39 5 5 5 1002
1759 11523 20 7 6 7 4
248
113 611 27 2900
14 221 5 4 4425 5
1013 1759
1380 53 111 2666 703 21 1060 20 887 67 67 1897 5
269 2285
675 16849
201 4 1759 4 48 708 40 11 124
356 1763 19
47
253 469 14691 30 4 19 35 18 13 17
867 5 9
3061 2148 9579 9
22569 183
3535
7269 611 221
122 5 679 2021
1711 14691
224 179 706 6 785 3081 55 5900 134 19 8006 2285 1144 11 9 6280 26
776 27 19
537 4280 85 16 1295 776 9 24 256 5 1669 11 4 17 12 81 94
985 5
5 105 537
793 806 32
7617 120 565 1736 1897 271 1 62 183 19 1759
4853 164 23770 169 5 6 14 5229
717 346 17
2666 224 37 6 318 11 4280 1711
1045 21
18068 435 19 342 503
224 4942 11 116
67 221 72 6 708 24 8 115 11
7 5230 10579 115 62 9
896 48 132 5

5230 1071 5077 19 2148 11 47 4592
37 10853
17473 270 703 11 40 269 2563 5 19 1897 5 21806 16849
3158
273 61
256 3995 565 5 16 19 3412 9 2778 3818
4280 21 14 1045 313 4986 94 19
4425 55 703
565 271 1 49 124 4 4318 2348 4425
1901
35 4425
3061
9142 295 1615 706 32
164 923
567 1330 3158 9 256 220 19 4 5 1181 5
3270 17
165 5 3412 49 559 9 1779 30 700 124 19 16 21 1444
565 15 11

62 210 224 6 5 443 21 4
1345 776 72
515
2666 5 11 404 8 1045 30 19 19 80
177
10457 5077 49 3535 11
7617 5 807 169 318
5766 201 16 124 50 6 1045 14691 7 2736 4715 2148 40 16000
38 611 1060 84 164
21 985 318 39 4 24 24 10 9 537 783 6280 11 785
16437 2348 7
5705
72 2778 2348 117 27 9 1779 99 3534 93 10062 4
41
1759 4 4592 26 19 17 1060 8
50 16 11
585 342 99 318
985 11 7 273
120 351 93 5230
559 5 11 1390 1345
221 509 6 67
220 585 25 11 11
247 93 7 221 48 16 9 12 9 7167 8 990 80 99 9 1045
225
62 11
169 4
122 49 122 99 793 2778
214 3412 84 192 35
4853 9 11
3627 1640
164
98 611 29 877
10063 17 23 169 435 11 115
2009 189
4425
3818 247 4 93 33 14 6 1 7167 6 4 11
909 1736
730
2021 137 5077 221
20705 8042 675 101 9
65 867 3412 11
7618 503 221 346
47 4318
177 7167 120
85 45 3269 9 80 7
11193 318 469 2563 19 275 5 8006 81 49 1086 81 346 41 49 47 224
62 1601 11 4560 5 67 120 1

19 3081 10 443
295 99 4592 2285 34 700 5 3269 785 27 19
509 33 296 15 1045
9 9 4318 3818 2130 99 25 63 11 6 430 807 11 200 3081 1938 4593
706 10062 275
23868 26 346 9 8 2400 313 2778 2900 9 168 19 793 89 611 19 224
220 4 9 85 313 11 15 3818 74 3534 11 224 55 9 4853 11
221 224 40 60 5 9 1 221 57 3270 5 565 19 6 318 985 6
214 5 415 1711 4318 247
1938 2563 2778
290 122
137 49 1013 72 99 11 6 20 84
5230 19 117 29 11 1711 29 19 1897 80
1000 430 3412 4425 6 11 11
15502 383 6280 120 4 342 342
1014 23770
2285 275 346 14690 19 515 221 201 14 706 4 5 3412 17 30 51 7
4318 3158 7
1380 10
351 11 16 1002 19 1763 1938 169 118 793 19 5077
253 19
11 11 5 18
2736 1 23771 6 703 11 24 11 83 268 275 83 807 161 29
59 16 5705
36 806 4 9 99 7 7167 374 313 6 2148 32 2130 111 93
1295 9
5766 2446 220 342
8005 400 2148 313 14690 4 6 675 40
1601 313 5 271 3818
11 19 9 49 1045 4
5230 251 4 12 5
859 509 807 7 14099 224 11 404 67 13575 10 12
1 11 12 6096 3158 7 138 84 2400 5705 9 503 785
253 18 8 5 33 14 4
3338 4 17 8 5
93 4 10 7617 4 118 9
867 4
93 221 49 11 16 11
406 4 1490 4 2148 313
2400 6 6 5
9 183

1121 4 21
1648 4986 997
99 1060 802 273 1669 232
3270 8 5 11
1316 12 9 3917 40 49 6 1045 1 168 23 62
25 21

83 93 11 14 1380 7617 11 408 7 1330 4715 5 19 14690 18 21 54
8005 3391 46 268 12 1 11 29
21 94 16849 1 18 165 11
510

11 247 313 3534 985 443 2148 515 877 55 6
49 103 21806 4 9 5 256 5 117 11 2021 9 92
267 4318 7617 122
20 6 55 1345 19 456 19

1163 21 6 7167 63 923 327 189
17674 36 4592 11 9 19 4 135 221
803 15 5
161 8 807 275 4 49
985 3627
371 34 67 10 5 35
923 5
23150 585 3627 877 16000 1937 5829 9
3991 371 10579 21
608 776 5508 19 3818 48 5 19 8
21665 139 5 5 6 164 6280 1897 14 120 8 201
1045 6 21
18 221 30 19 62 23 443 4 5
2866 117 201 19 99 997
13457 909 706 11 13575 55 776 5229 9 1476
4942 6 120 851 267 5766 32 271 371 877 80 1014 2130
8988 559 1 7 5 273 120 143 19 17 6 2009 985 7167
11
124 5 406 271 67 21 221 271 19 80 10 279 785
703 83 785 1 4318 81 11 19 7 1897 221 16 19 15 7617 10 17
273 11
1390 2900 6 7 11 5 11
5 39 6 529 19 2148 5077 40 5 14691 7 700 19 4
2900 32
400 11 12
53 5 8 12
225 887 9579 11 5
1013 11
7167 2563
6 256 164
270 351 8
1034 559 221 248
785 2148 6096 221 9
102 6280 2778
26 678
16580 271 24 5 40 4
77 113
4853 30 16 11 13 9 700 4 1060 111 94 1586 256
1045 14
877 253 9
267
1071 537 6280 4 1 2130 7167 62
55 5 30 4 5 1429 3535 4280 187 16 29
923 5 247 21
14889 138 1763 19 7 997 17 4318
13217 4715 1060 8 19 4592
8448 11 14 679 101 19
346 40 5 4 11 11 9 50
21 221
567 19 342 49
1013 2148 6 19
57
641 4 55 611 11 1669 4123
1045 54 271 7

19653 406
85 6 221
17 2148 1014 11194
793 4425 271 99 19
267 84 55
356 55
1230 3818 777 88 923 36
269 10063 35 67 5 17
1669 67 9 94 1330 116 30 16 9
435 3535 14
2900 5
253 36 275 256 10063 700 221 27 537
6257 296 807 802 27 165 1490 4 220
177 11 374 2148 923 11 1144 776 1 24 3269 13
1283 17 19 406 95
23 256 1763 49 4 19 62 807
19 342 9 8 50 327 4 631 1601 4 2563 120 6 5 17 5 415
35 8006 118 19 150
2736 4593 49 1071 179 21 57 220 9 1669 27 776
3535 2130 161
177
179 7 4560
952 161 1144
1390 1 2900
1380 807 23 4 7 6 3269 21 4 16 503 16849 2148 1295 8 115 1144
1640 7167 189 9 952 32 5
510 5 115 3818 7 55
953 776 990 15 19 435 7499 72 866 55
859 23 706 3995
3479 47 21806 122 67 30
6280 33 115 515 5 1295 99 5
24 67 8 25
327 39 5229 19 9 485 1
81 7 7
1380 3534 224
210 14 2900 909 9 6 187 35 877 585
342 279 706 4 19 94 227
515 2666 11 275 94 268 406 1429
16849 11
4593 134 11 4 16849 33 143 465
700 3534 11 232
828 49 6 48 6 9
